1.23383696944,1.18229036623,1.0908458843,1.1238705097,1.16423216123
100000,100000,100000,100000,100000
0.925997631668,100000,0.672938909596,0.902011021822,0.920139416169
10000,10000,10000,10000,10000
0.200270138548,0.248340599341,100000,0.303253903263,0.250830831512
1.22475662798,1.18546945848,1.0887747368,1.07309244841,1.16228794808
1.23383696944,1.18229036623,1.0908458843,1.1238705097,1.16423216123
0.290879227698,0.187425406953,0.179585677808,0.207931837379,0.254206438533
1.23383696944,1.18229036623,1.0908458843,1.1238705097,1.16423216123
0.235190750999,0.375311339998,0.179585677808,0.245043032935,0.283506794289
100000,100000,0.21331951058,100000,100000
10000,10000,10000,10000,10000
0.525209058486,0.438790672902,100000,0.387715751993,0.44936802178
10000,10000,10000,10000,10000
0.993501091301,100000,0.51004146966,0.700444627191,100000
0.713821032788,0.893931676067,0.438516875594,0.671736854529,0.572119813443
1.47888881225,1.1928645005,1.17164117069,1.31111117393,1.22498797401
100000,100000,100000,0.353211691971,100000
1.451088413,1.17681390677,100000,1.28798276343,1.36848583758
0.846081310191,0.68101172583,0.462514971782,100000,0.54021298212
0.740232566742,100000,0.288303407173,100000,0.583563949667
0.586322831958,0.636216679529,0.47431776755,0.592976026148,0.6369523595
10000,10000,10000,10000,10000
100000,100000,0.179382007274,100000,100000
0.336977164992,0.534135130211,0.344208632522,0.269668334475,0.313247887597
10000,10000,10000,10000,10000
1.32514588786,1.2446501133,1.03651752707,1.226595738,1.21944599303
1.3245580666,1.26438442005,100000,1.19127874564,1.1968046159
10000,10000,10000,10000,10000
0.234799653826,0.171696988514,0.103449289435,0.175958188792,0.186118027276
10000,10000,10000,10000,10000
0.295533048903,0.338594772182,0.201043146495,0.162660237696,0.238622934095
0.812960808712,0.410341043876,0.365063391527,100000,100000
0.832229030264,0.86777747745,0.660752420947,0.777048787036,0.804181298423
10000,10000,10000,10000,10000
1.23383696944,1.18229036623,1.0908458843,1.1238705097,1.16423216123
0.608894933784,100000,0.389794393469,0.620981419038,0.721334665152
1.44740198566,1.20890172674,100000,1.23065115628,1.22937287197
1.41655605865,1.19893082334,1.03447989273,1.11907149344,1.18890371845
1.26928266129,100000,100000,100000,1.29575965204
0.308711437283,0.312634634379,100000,0.23313317745,0.294157330807
1.47888881225,1.1928645005,1.17164117069,1.31111117393,1.22498797401
1.3245580666,1.26438442005,100000,1.19127874564,1.1968046159
0.343014059871,0.433757712163,0.554389523898,0.415133320179,0.359862171182
100000,0.46430829174,100000,0.416882338419,0.474129958523
1.451088413,1.17681390677,100000,1.28798276343,1.36848583758
0.846081310191,0.68101172583,0.462514971782,100000,0.54021298212
0.740232566742,100000,0.288303407173,100000,0.583563949667
0.586322831958,0.636216679529,0.47431776755,0.592976026148,0.6369523595
0.496269561386,0.417497330253,100000,0.389125195376,0.475113974821
1.20714921931,1.19363935628,1.01013663282,1.14004221109,1.03344130138
0.634796104312,0.833224491685,0.477151476145,0.675165241661,0.670318815648
0.653820347101,0.641387717996,0.419883772668,0.534974819007,0.588005170476
1.23383696944,1.18229036623,1.0908458843,1.1238705097,1.16423216123
100000,100000,0.54494317972,100000,100000
0.931204300688,0.5748819177,0.452470109653,0.651525605285,0.756814922183
0.5040953815,0.669556286028,100000,0.451631812945,0.605149588118
0.860004882876,100000,0.464733253092,0.575052660908,0.619418468572
0.608894933784,100000,0.389794393469,0.620981419038,0.721334665152
0.874022179999,0.779766793653,0.593738383478,0.665352929538,0.853408948781
100000,100000,0.494891548964,100000,100000
100000,100000,0.408188484532,100000,100000
0.961443760253,100000,100000,100000,0.866114189514
0.702522248305,0.525637038586,0.455180464552,100000,0.685033312258
0.451151509434,0.391619307648,0.213542730669,0.227431392277,0.401059558547
0.892052435613,100000,0.758602805704,0.800024848042,1.09037657152
0.921120089491,100000,0.611178369949,0.756261243607,0.878476286409
0.308711437283,0.312634634379,100000,0.23313317745,0.294157330807
0.713821032788,0.893931676067,0.438516875594,0.671736854529,0.572119813443
1.47888881225,1.1928645005,1.17164117069,1.31111117393,1.22498797401
0.343014059871,0.433757712163,0.554389523898,0.415133320179,0.359862171182
100000,0.46430829174,100000,0.416882338419,0.474129958523
1.451088413,1.17681390677,100000,1.28798276343,1.36848583758
0.846081310191,0.68101172583,0.462514971782,100000,0.54021298212
0.740232566742,100000,0.288303407173,100000,0.583563949667
0.586322831958,0.636216679529,0.47431776755,0.592976026148,0.6369523595
0.361613652457,0.260561611736,100000,0.33025022517,0.273872844229
1.23383696944,1.18229036623,1.0908458843,1.1238705097,1.16423216123
0.143464591385,0.221206779833,0.263357506908,0.134070864576,0.249209196662
1.60904438966,1.27875882238,0.884883530939,1.09493914127,1.11082168144
1.24020518636,1.18121917554,100000,1.19025628166,1.32325735169
1.54456851532,1.2304663249,100000,100000,100000
0.55040045859,0.439825516017,100000,0.50604230387,0.362533982544
0.234670923525,0.139199928369,100000,0.195579343058,0.255875730329
10000,10000,10000,10000,10000
0.74059341688,0.701680774249,0.567055727354,100000,0.708598965527
1.06521538519,1.14574147916,100000,1.01016725766,1.3344788909
1.14515210277,1.25944086812,100000,1.18662102584,1.12310317654
0.425185227844,0.265619031688,100000,0.363455369331,0.413366226642
1.47644686399,1.10586024916,100000,100000,1.21029907969
1.19825864046,1.14638886073,1.0301869247,1.12429758014,1.1920328558
0.519095785593,0.421610374018,0.539923408714,0.39077808193,0.397521571953
0.694750658634,0.719075123662,0.562263244874,0.746827172382,0.641435307622
1.25525369271,1.30124951049,100000,1.15668394164,0.861327360342
0.308711437283,0.312634634379,100000,0.23313317745,0.294157330807
0.713821032788,0.893931676067,0.438516875594,0.671736854529,0.572119813443
1.47888881225,1.1928645005,1.17164117069,1.31111117393,1.22498797401
1.3245580666,1.26438442005,100000,1.19127874564,1.1968046159
0.343014059871,0.433757712163,0.554389523898,0.415133320179,0.359862171182
100000,0.46430829174,100000,0.416882338419,0.474129958523
0.294615791962,0.334427546015,0.453225551672,0.315091218467,0.240605232758
1.451088413,1.17681390677,100000,1.28798276343,1.36848583758
0.846081310191,0.68101172583,0.462514971782,100000,0.54021298212
0.805494047589,100000,100000,0.511900294093,0.580157042519
0.740232566742,100000,0.288303407173,100000,0.583563949667
0.586322831958,0.636216679529,0.47431776755,0.592976026148,0.6369523595
0.624039346957,0.422766529833,100000,100000,100000
1.23383696944,1.18229036623,1.0908458843,1.1238705097,1.16423216123
1.20014650172,1.2898037369,1.07089888275,1.13636705609,1.15633355277
0.640635827995,0.546232813637,100000,0.490438824206,0.451753360744
0.77395842423,1.00889656079,0.567345576908,0.881234600699,0.878095697435
0.224024838121,0.207946626444,0.196239035694,0.128226011654,0.157475517467
0.604978252264,100000,0.38293623788,0.558584981691,0.589505275251
1.11742826371,100000,100000,1.04198252903,1.21037135029
0.603798557281,0.707748578103,0.352779617353,0.666827133411,0.432494516318
0.993501091301,100000,0.51004146966,0.700444627191,100000
0.671630956239,0.628295186945,0.579666220452,0.546760248146,0.658433626129
1.32514588786,1.2446501133,1.03651752707,1.226595738,1.21944599303
1.47888881225,1.1928645005,1.17164117069,1.31111117393,1.22498797401
1.3245580666,1.26438442005,100000,1.19127874564,1.1968046159
0.246205506209,0.14348080666,0.407668664685,0.131546752566,0.190115245039
0.294615791962,0.334427546015,0.453225551672,0.315091218467,0.240605232758
0.846081310191,0.68101172583,0.462514971782,100000,0.54021298212
0.740232566742,100000,0.288303407173,100000,0.583563949667
0.586322831958,0.636216679529,0.47431776755,0.592976026148,0.6369523595
100000,100000,100000,100000,100000
0.75135609473,100000,0.501524999259,0.586924255205,0.601241570608
1.23383696944,1.18229036623,1.0908458843,1.1238705097,1.16423216123
0.608894933784,100000,0.389794393469,0.620981419038,0.721334665152
10000,10000,10000,10000,10000
0.721742436788,100000,0.551493879115,0.641854210816,0.558590732678
0.994504481514,100000,100000,0.701259640714,0.734054042114
10000,10000,10000,10000,10000
10000,10000,10000,10000,10000
100000,100000,0.426087266748,100000,0.663548751489
100000,100000,0.58056178626,100000,0.915001734878
0.246205506209,0.14348080666,0.407668664685,0.131546752566,0.190115245039
0.294615791962,0.334427546015,0.453225551672,0.315091218467,0.240605232758
0.846081310191,0.68101172583,0.462514971782,100000,0.54021298212
0.740232566742,100000,0.288303407173,100000,0.583563949667
0.586322831958,0.636216679529,0.47431776755,0.592976026148,0.6369523595
100000,100000,100000,100000,100000
0.603798557281,0.707748578103,0.352779617353,0.666827133411,0.432494516318
0.993501091301,100000,0.51004146966,0.700444627191,100000
0.671630956239,0.628295186945,0.579666220452,0.546760248146,0.658433626129
1.32514588786,1.2446501133,1.03651752707,1.226595738,1.21944599303
1.47888881225,1.1928645005,1.17164117069,1.31111117393,1.22498797401
0.715326343679,100000,100000,0.539922707168,100000
1.3245580666,1.26438442005,100000,1.19127874564,1.1968046159
1.56021523162,1.09501995687,0.75971647886,100000,1.15132673004
1.23383696944,1.18229036623,1.0908458843,1.1238705097,1.16423216123
0.221709101848,0.258223024728,0.123802997429,0.153104862713,0.195424794289
0.65501621121,0.774489210413,0.627711065485,0.868365646923,0.730101781189
0.349542515644,0.283969340176,0.118526529284,0.293703377431,0.233372447386
100000,100000,100000,100000,1.08791141645
0.539434035599,0.274781930549,100000,0.344738776244,0.29267572245
0.623573447036,100000,0.428608139554,0.640234978492,0.637241973269
100000,100000,100000,100000,100000
1.07778884404,0.880847861699,0.61467634264,0.829917957818,0.737953918408
100000,100000,100000,100000,1.02887218607
0.603798557281,0.707748578103,0.352779617353,0.666827133411,0.432494516318
1.23438708521,1.31616005721,0.872071072246,1.03207560267,1.01783299171
1.168061884,1.18171469797,0.899793861721,100000,1.03803644928
0.537765632506,0.47381888313,0.482357393129,0.596860458299,0.339592898551
1.47888881225,1.1928645005,1.17164117069,1.31111117393,1.22498797401
1.3245580666,1.26438442005,100000,1.19127874564,1.1968046159
0.246205506209,0.14348080666,0.407668664685,0.131546752566,0.190115245039
0.294615791962,0.334427546015,0.453225551672,0.315091218467,0.240605232758
0.846081310191,0.68101172583,0.462514971782,100000,0.54021298212
0.740232566742,100000,0.288303407173,100000,0.583563949667
0.586322831958,0.636216679529,0.47431776755,0.592976026148,0.6369523595
100000,100000,100000,100000,100000
0.283681499469,0.437625278358,0.502559367179,0.430866120197,0.379496343642
1.23383696944,1.18229036623,1.0908458843,1.1238705097,1.16423216123
100000,0.46430829174,100000,0.416882338419,0.474129958523
0.308711437283,0.312634634379,100000,0.23313317745,0.294157330807
1.23383696944,1.18229036623,1.0908458843,1.1238705097,1.16423216123
0.475777232057,0.301534764561,100000,0.507286268188,0.467271890402
0.267058936432,0.300065083506,0.363727299823,0.212501990396,0.220160159733
0.170883414807,0.154710134318,-0.0130408335967,-0.00514184616618,0.07846949098
0.804285088324,0.973591459296,0.512308963511,0.778642426308,0.767534301054
0.154515164565,0.148486509924,0.144119079864,0.0896058244323,0.161137792373
100000,100000,0.495119137216,0.69739810587,0.937741048842
1.23383696944,1.18229036623,1.0908458843,1.1238705097,1.16423216123
0.353807363269,100000,100000,100000,0.326125192732
10000,10000,10000,10000,10000
100000,100000,0.442219694334,100000,100000
100000,100000,100000,100000,100000
10000,10000,10000,10000,10000
0.721567732118,100000,0.397690459917,100000,100000
0.399863108183,0.42646156368,100000,0.376821742278,0.388687235718
0.622865250482,100000,100000,100000,0.448618661663
100000,0.615939349543,0.324164158736,100000,100000
0.589601040051,100000,0.463631721793,0.643018030696,100000
0.815118679417,100000,0.387317232065,100000,100000
100000,100000,100000,100000,0.472670762522
1.16871196698,100000,0.509239686816,100000,0.731954877596
100000,100000,0.442219694334,100000,100000
100000,100000,100000,100000,0.449896961843
0.29226675432,0.359646441583,0.158884755114,0.259404258342,0.308116966001
0.597056603825,100000,0.419154588084,0.559208937035,0.657078196211
0.841325805651,100000,0.441119785064,0.716342197793,0.68655597887
0.482312979249,0.50003231601,0.191967687687,0.387715751993,0.429652616287
0.937176275542,0.575274658313,0.414777958456,100000,0.676712605949
0.345232207096,0.221586445077,0.299779105829,0.222751665931,0.293139700791
1.23589556348,1.08535642007,100000,1.09193038341,1.15866029603
0.395136570068,0.457465612003,100000,0.280644977318,0.345565388877
1.14669331785,100000,0.65397341849,100000,100000
100000,100000,0.442219694334,100000,100000
0.595685441941,100000,100000,100000,0.398941050842
1.00823915787,0.945381191184,0.575011294185,100000,0.907023743664
0.669524185595,0.851133654581,0.536022762543,0.732593416861,0.723343203595
100000,100000,0.283441062869,100000,0.617928573377
0.122351175512,0.337679393081,0.44050102489,0.314764222778,0.263916590404
1.23383696944,1.18229036623,1.0908458843,1.1238705097,1.16423216123
0.419109774019,0.690638856881,0.455627822083,0.643294423873,0.662644372583
0.456689261538,100000,100000,100000,0.447484968465
0.119346783064,0.228344877737,0.386304713093,0.194629382936,0.415048637473
0.122988526439,0.0789894782039,0.203073953764,0.0556962346151,0.213366297151
0.838721177889,0.7012389227,100000,0.799350631014,0.76746480709
0.397424909393,0.576831250232,0.383188758259,0.612807723528,0.505602219085
0.674499569412,0.49354685227,0.520632707863,0.534338761428,0.494892447182
0.630320888484,0.752267175161,0.605573766527,0.778100086574,0.74772480176
0.420844822531,0.42109649392,100000,100000,0.432149728696
100000,100000,100000,100000,100000
0.302480391121,0.688373485986,0.47333720092,0.626253538383,0.672852194614
0.889889949698,1.01240043222,0.602787969302,0.88453588114,0.71678915695
0.679818348587,0.616698335154,100000,0.719698111187,0.690454222183
0.389160375216,0.40638643639,0.25688751816,0.378769371681,0.302090708557
1.16576914814,1.04401648797,0.883748923248,100000,1.27025515035
0.855266289435,0.83930149943,0.565004592204,0.79077377228,0.999098334692
1.20742303101,1.1818534104,1.1256792549,1.14435582639,1.13786615352
0.849082270389,100000,0.43221583278,0.575370688894,100000
0.748638141712,100000,100000,100000,100000
100000,0.94443376831,0.617857904893,100000,1.11415942706
0.70414053442,0.829719091349,0.598999159902,0.781745411208,0.656070921879
0.543432792859,0.825460860048,0.595756811818,0.737178881888,0.7353105542
0.522117855608,0.568587048448,0.480451439975,0.616820820682,0.690576135448
0.303063875066,0.669749651595,0.453939682599,0.561696888772,0.652469501917
0.826655352951,0.796412593501,0.640593248029,0.856856734745,0.856614549603
1.12129041913,100000,0.672260267436,100000,0.966272257453
0.612531106041,0.667504394257,0.553493044754,0.698238220427,0.667921938993
0.702919008146,0.72102964661,0.436957575354,0.748668686409,0.661484157508
0.0797586353526,0.0228790606791,0.314582480624,0.0400454981814,0.139163552734
0.378578749883,0.252133333215,100000,0.346831472476,0.376033690058
0.744375174994,100000,0.420838865005,0.674813403324,0.7504422665
100000,100000,100000,100000,1.11982310886
100000,100000,100000,100000,100000
1.24916252155,1.10103303564,0.861614199456,1.10670058987,1.17909041716
0.86304286148,1.31071939921,0.99802200301,1.07395914919,1.15590992682
100000,100000,100000,100000,100000
0.93476861527,100000,100000,100000,100000
1.47825422062,100000,100000,100000,1.05071634243
1.32135781493,1.30015699128,1.10203600177,1.13846617689,1.21477286804
0.337431085973,0.42646156368,100000,0.238618539329,0.298538508009
100000,100000,100000,100000,100000
0.207705643123,0.141547656287,0.444785995835,0.201666019195,0.284671258579
0.350264439488,0.333937244885,100000,0.367702553793,0.361988391389
0.369304610828,0.382876758074,0.606116602442,0.47479011847,0.442614462968
100000,100000,100000,100000,100000
0.0985329415042,0.0608502802458,0.277226636768,0.12253137191,0.0624985087362
0.50044747537,0.728574740043,0.498730911474,0.637191784879,0.638988956607
100000,100000,0.744901415176,0.96228226664,1.070682899
0.863326135862,0.809470649068,0.721379073551,0.815287400028,0.871065966786
0.608680072129,0.709379227667,0.403166063208,0.668363500149,0.604529906376
0.504300705982,0.576831250232,0.370728495571,0.458732846067,0.597884056599
0.278700601458,0.372934820758,100000,0.247101983915,0.40450598164
0.177827969732,0.169905656196,0.0684885329566,0.0854556391445,0.124999695584
1.23383696944,1.18229036623,1.0908458843,1.1238705097,1.16423216123
0.190549191023,0.255134748683,0.394158624804,0.321191265453,0.235434695619
1.32497869958,100000,0.941773667592,100000,1.35365692705
100000,100000,100000,100000,100000
100000,100000,100000,100000,100000
100000,100000,100000,100000,100000
0.665768572486,0.915358676143,0.628493673903,0.811340750698,0.942456876787
0.82385841116,100000,100000,100000,100000
1.46592379787,100000,100000,100000,1.01468306978
100000,100000,0.438115326295,100000,0.71025653558
1.19413818537,100000,0.947439936832,1.1723453252,1.20073703486
1.23383696944,1.18229036623,1.0908458843,1.1238705097,1.16423216123
0.777937428139,0.928547876191,0.529419454108,0.764977105936,0.790158782165
1.23383696944,1.18229036623,1.0908458843,1.1238705097,1.16423216123
1.20742303101,1.1818534104,1.1256792549,1.14435582639,1.13786615352
0.773647964082,100000,0.442035260345,0.754951723497,0.588250412425
100000,100000,0.468750562171,0.799789388703,100000
0.655438802715,0.705932320509,0.469030015199,0.705670395822,0.90024188959
1.22487215232,0.991013413815,0.553728799603,0.933713827695,1.00407381724
100000,0.774137500538,0.4446210892,100000,0.847248018156
0.723651137133,0.631419617284,0.661327361114,0.614586358775,0.582945951997
1.15026560002,100000,0.628813109844,0.834054769962,1.00226543967
0.738029726931,0.717976931108,0.369084269847,0.745792476424,0.705251426265
1.04793984849,1.16823466607,0.732238511152,0.939712766943,1.05248189345
1.23383696944,1.18229036623,1.0908458843,1.1238705097,1.16423216123
0.948835906419,0.784261976219,0.62993559062,100000,0.905436948578
1.32135781493,1.30015699128,1.10203600177,1.13846617689,1.21477286804
0.642880810215,0.702267063324,0.54424831268,0.592334170315,0.614166605946
0.680712889338,0.482079465915,0.441135454678,0.545853164898,0.647251537616
1.15230423743,1.34135451052,0.899771373125,0.937924593784,1.07095084694
1.13506663662,1.17051927906,100000,1.07406693089,1.14512181485
1.05421591893,1.12039414417,1.0307079236,1.08563024639,1.12962265984
0.208267618494,0.20349618766,0.190065677399,0.136964572963,0.182420909269
0.590413772673,0.593921506782,100000,0.519026944904,0.514860695606
0.705246690756,100000,0.528019735883,0.561715089066,0.631307917819
100000,100000,0.312915788429,100000,100000
100000,100000,100000,100000,100000
0.25861695327,0.183441308161,0.260187229688,0.178229500644,0.261206334091
0.359331400192,0.298929612076,0.326094559916,0.168971427348,0.213452160709
1.27608716761,100000,0.694993898442,0.969855978189,1.12658884119
100000,100000,0.211949787232,100000,100000
0.758059182163,0.768345646064,100000,100000,0.840909173673
100000,0.681272022651,0.485967002956,100000,0.570863487074
0.611035122696,0.692266027266,0.391802239068,0.601147136556,0.543190208248
0.395426858088,0.503993086063,100000,0.292952291368,0.37132916687
0.828608405562,100000,0.62848682724,0.866426235478,0.917896441539
0.256470746206,0.220612463225,0.112056540537,0.187604196947,0.222207790113
0.723651137133,0.631419617284,0.661327361114,0.614586358775,0.582945951997
100000,100000,100000,100000,100000
0.777714305811,100000,0.240103673727,100000,100000
100000,100000,0.197766944978,100000,100000
1.32135781493,1.30015699128,1.10203600177,1.13846617689,1.21477286804
0.611035122696,0.692266027266,0.391802239068,0.601147136556,0.543190208248
0.395426858088,0.503993086063,100000,0.292952291368,0.37132916687
0.423378663236,0.408408925462,0.316215499956,0.310901672443,0.419129128083
100000,100000,100000,100000,100000
100000,100000,0.443345502333,100000,0.674579653824
100000,100000,100000,100000,0.646415448455
0.76964092391,0.904599713959,0.550992303207,0.701859101408,0.651034926382
1.00090446427,100000,0.47680876124,0.797979834969,0.765872484557
0.272368252548,0.247898924397,0.165518509304,0.247665897177,0.272768383188
1.28649845776,1.15910668811,100000,1.12886781471,1.19259882451
0.827917602281,0.814653724676,0.821161612036,0.759545262739,0.821167769158
1.29224300667,1.18447644991,100000,1.11599098907,1.17799908719
0.327195687885,0.333598595953,0.475558995409,0.339908581341,0.268823791827
100000,100000,100000,0.291009428311,100000
100000,100000,0.382835008427,100000,100000
1.451088413,1.17681390677,100000,1.28798276343,1.36848583758
100000,100000,0.342833684178,100000,100000
1.377150074,100000,100000,100000,100000
0.456032305112,0.388697984109,100000,0.271738888221,0.380603135233
1.25331551525,1.01886676782,100000,1.16613967277,1.23858041327
100000,100000,0.441650855198,0.656373802833,0.68191446137
0.526181029307,0.654003389176,0.479941190784,0.560216834521,0.668660003922
1.28380989929,1.15672242176,100000,1.17458816859,1.21345160286
0.77795995573,0.850818282505,0.526262024653,0.870953049389,0.770106333929
0.669271273935,100000,0.382122830184,0.667461375976,0.549243659981
0.486205312577,0.548336761315,0.522543711943,0.595493659922,0.549545670368
0.400796132236,0.565880811612,0.451193202671,0.544942671225,0.559973883898
100000,100000,0.211949787232,100000,100000
0.355591298888,0.252729273865,100000,0.316409954046,0.416407797356
1.43806038647,1.19373485459,100000,1.13424697758,1.13774516132
1.13988779121,1.16061227293,100000,1.0935066193,1.27022195334
1.2384112685,1.13832642534,100000,1.21116609127,1.28419998128
1.24611737783,1.17718887459,100000,1.11484174379,1.11078146897
1.20470472654,1.1824812721,100000,100000,100000
100000,100000,100000,100000,100000
0.736465827292,100000,0.406970330253,0.682789123172,0.665490323606
1.07214127559,1.01292591797,100000,1.02368775378,1.01581463022
0.584813854855,0.600864658579,0.494051533105,0.644984437071,0.557670023781
0.781748270815,0.798171359675,0.659160243326,0.795562134019,0.82874411377
0.429537700046,0.384118110615,0.348629884298,0.402614538008,0.359608049898
0.535844870003,0.467157749382,0.467764797422,0.417828314978,0.696510246648
0.558019494675,0.714928537839,0.488340274038,0.604263568716,0.493742556835
1.13527758873,1.16249903548,1.06570753968,1.13406848956,1.15937290507
1.37718424283,100000,100000,100000,1.26881134198
0.933899370905,0.837420458162,0.726440361547,0.829555996757,0.883083636541
1.23223668573,1.15619880427,0.880365276665,100000,100000
1.25622484987,1.20859900521,1.19244867103,1.16190352982,1.29761909206
0.572132907847,100000,0.291511731797,0.539922707168,100000
0.429500186542,0.409540861335,100000,0.464722825509,0.451901961052
0.226054569524,0.195175189406,0.509599362591,0.249827880785,0.160655703235
0.509223942001,0.527951749136,100000,0.475107255324,0.557681987036
0.631706681577,0.568892778293,0.545228972737,0.730629245463,0.703151874385
1.20014650172,1.2898037369,1.07089888275,1.13636705609,1.15633355277
1.13506663662,1.17051927906,100000,1.07406693089,1.14512181485
1.19386900865,1.16500297549,0.992092305355,0.963639603792,0.966913689643
0.904605574709,100000,0.613226954378,0.828124510564,0.863511076737
0.613248503834,0.708756730664,0.371584329981,0.497268573217,0.44998886144
0.31274288389,0.28030828318,0.347904931388,0.0996783763074,0.27617049843
0.817769225585,100000,0.554162786842,100000,0.796525026059
1.15230423743,1.34135451052,0.899771373125,0.937924593784,1.07095084694
1.22807195982,1.03293394187,1.02191790249,1.09960466552,1.15268295404
1.03910074095,100000,100000,1.04689883931,1.00790957521
0.457615566231,0.41285072132,0.300853951004,0.414768024448,0.278271677321
0.617061890009,0.749660293668,0.538039932726,0.665761042341,0.622395842605
0.43165518941,0.464355414107,0.33616962161,0.156892520611,0.294119903581
0.986415443607,100000,100000,0.6946420438,100000
0.520646623936,0.573056357693,0.367854176464,0.455176214731,0.567827097561
100000,100000,100000,100000,100000
0.552158052269,100000,0.250464293492,0.390888142241,0.567195164097
1.09909318034,100000,0.616709319231,0.885506814536,0.989516027922
1.23383696944,1.18229036623,1.0908458843,1.1238705097,1.16423216123
1.32135781493,1.30015699128,1.10203600177,1.13846617689,1.21477286804
0.316707991065,0.32362855794,100000,0.142680077432,0.195533005467
0.976843994977,1.12192467842,0.943070612035,0.728026557531,0.974771499475
1.22021851987,100000,0.863990563741,0.861101400222,1.08079120729
0.44300787656,0.553785940277,0.191967687687,0.306811214596,0.475840401679
1.20742303101,1.1818534104,1.1256792549,1.14435582639,1.13786615352
100000,100000,100000,0.377238768224,0.480501012767
0.340431117381,0.302456327034,100000,0.0515496352144,0.18975702712
0.310136516729,0.262508230158,0.227574294568,0.114792819431,0.233822795878
0.554254744573,0.80139300747,0.376571561845,0.498511608824,0.485853926051
0.531212253555,100000,0.268379724875,0.372642803216,0.368951542169
10000,10000,10000,10000,10000
100000,100000,0.184305365798,100000,100000
100000,100000,0.141780362465,100000,100000
100000,100000,0.0857520921968,100000,100000
100000,100000,0.10253593663,100000,100000
0.552072759802,0.585530274489,0.567417877188,0.462275981035,0.441597496831
0.253047080957,0.378141880238,0.206193739964,0.144923076035,0.202967918776
0.398811500251,0.314796609452,0.381404321385,0.289738625707,0.412619330741
0.294593884892,0.4017369113,0.27030438027,0.167867268269,0.214603589858
0.318625114449,0.409622333071,0.465246472008,0.367702553793,0.315924310982
0.104454788462,0.150802356414,0.300959151717,0.0257595758863,0.077157747715
0.358175334641,0.330717920158,0.140210765426,0.235515927554,0.288081335031
1.33480631133,1.20848928031,100000,1.08470513961,1.05846638978
0.750606807242,0.647595627014,0.544507256267,0.698899991515,0.731313063539
100000,100000,100000,100000,100000
0.150587285877,0.0585018049453,0.0315943912001,-0.0179054243508,0.068273312316
0.318573819388,0.175514314566,0.249854239972,0.289610722243,0.250793496695
1.10607589748,1.16245641894,100000,1.03927152541,1.08097323639
1.50040284622,1.16684653483,100000,1.1687088063,1.1705872781
1.21163062856,0.981095498637,0.779810679385,0.964923863746,0.853337671813
100000,100000,100000,100000,0.720461752096
1.22807195982,1.03293394187,1.02191790249,1.09960466552,1.15268295404
100000,1.18108700546,100000,1.22268041002,1.42027077962
0.423757359355,0.385518915846,0.210216300388,0.233031691347,0.316285133689
1.33156950876,1.24178401939,0.889504217528,1.06010219119,1.13297734005
1.60904438966,1.27875882238,0.884883530939,1.09493914127,1.11082168144
0.784008857842,0.828061608119,0.447129973558,0.650229845581,0.691810494272
1.33639952021,1.25551960935,100000,1.07304360056,1.29356031002
100000,100000,100000,100000,100000
100000,100000,0.396501736911,100000,100000
1.26607049182,1.22057716521,1.0509620822,1.0401215,1.17160240575
0.781145086044,100000,0.546759699034,0.705324605617,0.946948504758
1.32514588786,1.2446501133,1.03651752707,1.226595738,1.21944599303
1.10168022023,100000,100000,0.865013719242,1.19179348243
100000,100000,100000,0.832936816648,100000
100000,100000,0.371022109071,100000,100000
0.346571280392,0.294130303078,0.450560252354,0.407077845924,0.356338963142
0.544226835262,100000,100000,0.377238768224,0.480501012767
0.89755739823,0.83024222065,0.626595112085,0.815892151575,0.709088867411
1.23383696944,1.18229036623,1.0908458843,1.1238705097,1.16423216123
0.527970979232,0.68222102071,0.54829468111,0.624539807973,0.611512095934
1.41770029017,1.16598154885,100000,1.09856544808,1.40373874473
100000,100000,100000,100000,100000
100000,100000,100000,100000,100000
1.08643756859,100000,100000,100000,0.73284296539
1.47412944992,1.32487316601,100000,100000,1.32235541712
1.3217783859,1.07996056089,0.999920551573,1.23728390438,1.22906167889
1.03157740931,1.15597918197,100000,1.08914140988,1.26515130745
0.74560165984,0.69762391854,0.475164005476,0.61673336792,0.537426075988
0.441309621905,100000,100000,100000,100000
0.963942011126,0.826116122091,0.661804622635,0.818905268163,0.951243852541
100000,100000,0.545766062472,100000,100000
0.9443451425,0.878169675591,0.668665359758,0.758066237219,0.961105122452
100000,100000,100000,100000,100000
1.2814167939,1.09377915737,1.0517333628,1.1404206304,1.00854830344
0.839144181773,100000,0.445985139586,100000,0.561989664535
1.24900158251,100000,100000,0.99129633741,100000
0.921120089491,100000,0.611178369949,0.756261243607,0.878476286409
0.209115559636,0.232807690324,0.205229593716,0.146847532817,0.218675744395
0.50105681065,0.770946478799,0.456928710031,0.634723843172,0.602159189023
0.627807058306,100000,0.306249094577,100000,100000
0.323125887817,0.358404763814,0.550475443689,0.432608861863,0.356970125588
0.616465897531,100000,100000,100000,0.588825587325
1.27329130123,1.10412894208,1.00880249532,1.06906298806,1.1714052508
0.322629073215,0.612517240483,0.499163874515,0.548328114397,0.599941261579
1.52944355572,1.10983571923,100000,1.17096692238,1.14272796138
1.21163062856,0.981095498637,0.779810679385,0.964923863746,0.853337671813
0.530991037355,100000,100000,100000,100000
0.302480391121,0.688373485986,0.47333720092,0.626253538383,0.672852194614
0.699880547536,100000,0.283441062869,100000,100000
1.28649845776,1.15910668811,100000,1.12886781471,1.19259882451
100000,100000,0.277575049841,100000,100000
100000,100000,100000,100000,100000
100000,100000,0.744901415176,0.96228226664,1.070682899
1.3245580666,1.26438442005,100000,1.19127874564,1.1968046159
0.119346783064,0.228344877737,0.386304713093,0.194629382936,0.415048637473
0.852750176875,0.973850575539,0.603722035922,0.917543330709,1.01871396019
1.07369190528,100000,100000,1.12152872521,100000
100000,100000,0.151637004912,100000,100000
0.286493297321,0.190319110239,0.385279349987,0.147089143,0.279438593699
100000,100000,100000,100000,100000
0.782119264245,100000,100000,100000,100000
1.3245580666,1.26438442005,100000,1.19127874564,1.1968046159
0.0899894087732,0.089003739118,0.258223609864,0.0644805053397,0.0941095851184
0.226479739832,0.175908852727,0.268379724875,0.151555223074,0.170570815659
0.826655352951,0.796412593501,0.640593248029,0.856856734745,0.856614549603
0.653888275002,100000,0.350253717687,0.534577757282,0.503436640337
0.509841393407,0.72396541339,0.531755957998,0.632848965727,0.633944319356
0.242938647846,0.212698547976,100000,0.217056791403,0.247920935884
1.28941902464,1.24544203368,1.06860162174,1.15306768264,1.20199884769
1.33891134391,1.16295131402,1.24071767438,1.18552228322,1.28486376763
0.152670032124,0.12709414393,0.353552184587,0.227893679689,0.133301953931
1.25331551525,1.01886676782,100000,1.16613967277,1.23858041327
0.532732250686,0.564624238267,0.420401630832,0.520197500075,0.381929487988
100000,100000,100000,100000,100000
1.47888881225,1.1928645005,1.17164117069,1.31111117393,1.22498797401
0.832759490364,0.896026770803,0.626234030179,0.844219234796,0.853008229849
10000,10000,10000,10000,10000
0.403945746921,0.382026022157,0.208311690371,0.253049773108,0.360045376227
100000,100000,100000,100000,1.17648529443
0.899523869232,100000,100000,100000,100000
0.729287474169,0.52299580153,0.362520834028,0.558459722167,0.565898253676
1.23383696944,1.18229036623,1.0908458843,1.1238705097,1.16423216123
0.666994229528,0.733615066904,0.474414546246,0.71351679787,0.614369864018
1.41433348257,1.16672645392,100000,1.19736954792,1.20387971781
0.212502861045,0.123372838822,0.34067280511,0.207493656701,0.126139099671
0.0813223783208,0.169876546341,0.207806121254,0.0530732876452,0.0871456226966
0.595685441941,100000,100000,100000,100000
1.30505943939,1.07357604317,1.05108745398,1.15015952331,1.23758832118
1.31267233856,1.21644519258,1.08352996721,1.10090390086,1.11775037162
1.31977155942,1.0678328193,100000,1.10055638098,1.03075142869
0.265697853654,0.187074551622,0.0612634272942,0.0972802898818,0.134105696673
1.26854314937,0.790470801708,0.634663181021,0.825875436565,0.822400367241
100000,0.420154734106,0.119483184571,100000,0.398941050842
0.365020640252,100000,100000,0.228665336618,0.261658647241
0.419742261048,0.544805143288,0.24911604573,0.301835629208,0.376142174674
0.581117322865,0.583512155117,0.374384854681,0.50121360446,0.354859763647
0.257633687998,100000,0.188238314601,0.186532446306,0.228988392093
0.842758056223,100000,0.396141684165,100000,100000
0.686078041838,100000,0.355210829422,0.41069385194,0.605742261463
0.385830237464,0.469349303031,0.487470587981,0.372883524674,0.343146979513
0.488638099094,100000,100000,0.674715450406,100000
1.32135781493,1.30015699128,1.10203600177,1.13846617689,1.21477286804
0.235865550188,0.275577006115,0.199157464874,0.121809380248,0.200621722933
0.390637730986,0.269425694312,0.151637004912,0.382414900765,0.306633889221
0.652880389866,0.546240072281,100000,0.429910425038,0.538478248482
0.15548472372,0.228452139222,0.162868051931,0.13059724082,0.155073157941
0.461382854649,0.393394255903,100000,0.353211691971,0.353534747445
1.15835269992,100000,100000,100000,1.09120071343
100000,100000,100000,100000,100000
1.32514588786,1.2446501133,1.03651752707,1.226595738,1.21944599303
0.499463934974,0.654255179781,0.536161182151,0.56786632522,0.523385400302
0.544259576031,100000,0.227412792601,0.455020846838,0.435455344855
1.23383696944,1.18229036623,1.0908458843,1.1238705097,1.16423216123
0.331343904283,0.345798912292,0.272184272153,0.214858737155,0.296838566905
1.23383696944,1.18229036623,1.0908458843,1.1238705097,1.16423216123
0.109247394413,0.147112469567,0.214587966343,0.0618300449352,0.0847509781505
100000,100000,100000,100000,1.25058399978
0.331272679105,100000,100000,0.353211691971,0.325350606491
0.530666003731,0.799190135659,0.49647137204,0.602544218826,0.526612503631
0.0846647742787,-0.0545563472993,0.23615988144,-0.175660550176,0.00338768001908
0.349509788201,0.393394255903,100000,0.305030584772,0.325350606491
0.36331493756,100000,100000,0.363455369331,0.462944659377
0.146974348136,0.128005733024,0.188398985204,0.106415212145,0.0906512988297
0.223814470418,0.258132787458,0.140057207403,0.138351339107,0.195240430947
0.169192015397,0.27119947861,0.197766944978,0.160009524519,0.224283780935
0.330483876142,100000,0.387818774777,0.687865208634,0.718495012675
0.433574408784,0.279369759931,0.289098665807,0.216578210081,0.306926637989
0.470446084153,100000,0.287641057297,0.465804818367,0.458522467415
0.172694310495,0.166462166217,100000,0.122604285334,0.175025104003
100000,100000,0.0580301309201,100000,100000
0.260680387718,0.169959405391,100000,0.145354688958,0.170100633971
0.607019522713,0.589603460046,0.330952862736,0.438289065057,0.487622379931
0.33397694387,100000,100000,0.23873976884,0.226583435435
0.225521590915,0.0923598158825,0.157291240312,0.084217575948,0.135341887311
0.252064623985,0.227066466654,100000,0.0961127226974,0.202760638151
0.218446881648,0.159182000323,100000,0.0730258525983,0.187556849621
0.264862631272,0.217281196952,0.116000332824,0.0363121489439,0.149524788464
1.23383696944,1.18229036623,1.0908458843,1.1238705097,1.16423216123
0.209454878158,0.21981105301,0.122544265343,0.0970601632985,0.158213234876
0.115105119094,0.123862291894,0.0327744370872,0.0452346997755,0.0749446414416
0.312678192077,0.241354335178,100000,0.189648588512,0.203006430698
0.135568420211,0.190879231592,0.0586261962486,0.0915065266174,0.0865568846762
0.133065426638,0.193294917371,0.0473076537207,0.0880049735174,0.0883547389129
0.224458006002,0.238569289804,0.162868051931,0.153851074001,0.167959974166
0.255114806645,0.393758031223,0.226600406791,0.259171383969,0.20387530226
10000,10000,10000,10000,10000
0.235316266693,0.23639828084,0.0859846101594,0.152299703269,0.150980235673
0.213468081871,0.291075990822,0.0994723293163,0.160823140073,0.128703670531
0.856342909182,0.801071084046,0.544411250269,0.824082193311,0.770267534439
0.362945641903,0.323823054331,0.164644644494,0.367404526585,0.223182975642
0.420382844743,0.244560359074,0.412230912228,0.315457815275,0.243426906623
0.196912223111,0.442427125876,0.296819877574,0.188762987812,0.184080088281
0.290879227698,0.22960131407,100000,0.230245158843,0.224232823283
0.354886996083,0.327181512019,0.174554799552,0.195309189016,0.318432361427
1.23383696944,1.18229036623,1.0908458843,1.1238705097,1.16423216123
10000,10000,10000,10000,10000
1.20014366314,100000,100000,1.00791021081,1.17079280012
1.4590291197,1.34736930794,100000,1.15958262459,1.05508808903
0.285736408824,0.25724596039,0.268518730426,0.177169985953,0.22237886198
100000,100000,0.374633058686,100000,100000
0.461028376414,0.290274075122,100000,0.434466190157,0.410006667304
0.464098904634,0.605264071321,0.508378451549,0.519175562639,0.508002529574
0.361667557775,0.351938213339,0.255614551574,0.111483240116,0.339190748163
0.229431564299,0.308374557305,0.206193739964,0.0571568673292,0.208221107287
0.71830076102,100000,0.529765628974,0.505085170085,0.714349522322
0.807897665866,0.868908091091,0.484007890183,0.529574368973,0.615155845899
0.67011373682,0.640394694467,0.442381487238,0.632141475861,0.700874373541
0.644881183587,0.686348256626,0.587625468775,0.670307699789,0.603026116977
0.55594948881,0.847249621535,0.467516466327,0.688379449958,0.648669481372
0.180615730855,0.175474848332,0.119483184571,0.144462572741,0.184362520314
100000,100000,0.315403114146,100000,0.551223434141
0.509633254607,0.593288200403,0.424550230316,0.511975131146,0.445085296128
0.319668010607,0.230200362455,0.30588251024,0.152391416735,0.168854821867
0.403063552377,0.268580675154,0.106730664844,0.264120810722,0.356361807253
0.633049298156,0.684278624032,0.622293728713,0.660132300327,0.604145646227
0.542010988165,100000,100000,0.283513324312,0.313018144713
1.23383696944,1.18229036623,1.0908458843,1.1238705097,1.16423216123
1.12781412592,100000,100000,100000,0.818053990293
0.530666003731,0.799190135659,0.49647137204,0.602544218826,0.526612503631
0.67614307132,100000,0.397276392452,0.527257268494,0.516418022453
0.603858904109,100000,100000,0.33025022517,0.31380671593
0.449557877777,0.364447311415,100000,0.222048255875,0.277807228229
0.602018287028,100000,100000,0.490859947263,0.469753395029
1.18295544374,100000,100000,0.673829530378,0.969713113144
0.509229413577,0.694915283999,0.37782887185,0.585407464865,0.489212320996
0.896430115922,100000,100000,100000,0.593694230843
0.380165494596,0.402617216387,0.360986979509,0.21753523572,0.251159141544
0.708947248718,0.922605068763,0.702499832739,0.682043672764,0.620534037202
1.074719225,0.921591943692,0.612925700841,0.70733072531,0.710623885902
0.57392052605,100000,100000,0.313876936595,0.462944659377
0.70862288324,0.948152718173,0.609896057036,0.732355777505,0.759101993158
0.613761752145,100000,0.164644644494,0.367404526585,100000
0.423875090869,0.329245552771,0.21331951058,0.31455164072,0.314947271773
1.10168022023,100000,100000,0.865013719242,1.19179348243
100000,100000,0.208563332484,100000,100000
0.672589796697,0.868314532559,0.397803844292,0.561563785994,0.563172630398
0.353084794127,100000,100000,0.149790097038,0.231127661249
100000,100000,100000,0.353211691971,100000
10000,10000,10000,10000,10000
0.70862288324,0.948152718173,0.609896057036,0.732355777505,0.759101993158
0.196225669002,0.0589131583216,0.0673254667372,0.0274460694302,0.113895301011
1.23383696944,1.18229036623,1.0908458843,1.1238705097,1.16423216123
1.0004948857,0.913979521921,0.853223316793,0.847778200372,0.9117489263
1.23383696944,1.18229036623,1.0908458843,1.1238705097,1.16423216123
100000,100000,0.40848403041,100000,0.813216211835
1.46005312443,1.16822051242,100000,1.22799662359,1.26130479406
0.920500962836,0.819369330866,0.753986586358,0.794312820335,0.816219451573
100000,100000,0.575492306578,100000,100000
0.592683808168,100000,100000,0.417329698531,0.430470720518
0.95035961202,0.99930063691,0.60360695335,100000,0.771547252801
1.00460939046,0.923307660502,0.551733841295,0.939251150761,0.776407852357
1.5203124507,1.1992833306,100000,1.38648725755,1.32184478259
1.6632295715,1.12913457558,100000,100000,1.03423973552
0.725516323385,100000,0.457676569168,0.70497761579,0.610732423512
1.29809134066,100000,100000,100000,100000
100000,100000,0.588622449131,100000,100000
1.38044261856,1.14134216124,1.03713778322,100000,1.2232063872
10000,10000,10000,10000,10000
1.41202142724,1.2393173872,100000,1.22957719476,1.23483596739
10000,10000,10000,10000,10000
0.362011663536,0.375311339998,100000,0.291009428311,0.254206438533
0.386753886279,0.294492405616,100000,0.23873976884,0.281703363725
1.07243283479,0.838972425285,100000,0.743454094822,0.944131595515
0.628926428953,0.553220085116,100000,0.521233351668,0.685999032385
1.03116640951,0.796033120661,0.718180604941,0.888663905878,0.904635349357
0.314700575229,0.393394255903,100000,0.256849477573,0.241661680997
100000,0.544954302442,100000,100000,0.783410327488
0.999495882958,100000,100000,100000,0.899840218213
0.303250462772,0.216040598952,100000,0.174692679428,0.217323370844
100000,100000,100000,100000,100000
0.626489664172,0.386571052326,100000,0.297595503027,0.439919721427
0.747128193752,0.55215316491,100000,0.533583892054,0.539281177249
1.46005312443,1.16822051242,100000,1.22799662359,1.26130479406
1.3511943541,1.18527692511,100000,1.22475849009,1.21778509052
0.750054871253,0.711551383437,100000,0.641636184098,0.825859476113
0.920500962836,0.819369330866,0.753986586358,0.794312820335,0.816219451573
1.06790435522,0.854089538124,0.657363281773,0.892270914242,0.89428339489
1.1600102378,0.72168310941,0.661568223071,100000,0.870371916228
100000,100000,100000,100000,100000
0.932492630995,0.897144110228,100000,0.804717465094,0.901339378758
0.304380992312,0.375311339998,100000,0.230245158843,0.270199218659
0.403063552377,0.329344944622,100000,0.264120810722,0.356361807253
10000,10000,10000,10000,10000
0.697846160214,100000,0.51120873482,0.592006089839,0.734785085705
10000,10000,10000,10000,10000
0.920500962836,0.819369330866,0.753986586358,0.794312820335,0.816219451573
0.554357244071,0.585215654166,0.761816671126,0.52986358368,0.541710789231
100000,100000,100000,100000,100000
0.879639831962,0.962695724013,0.564941278033,0.976361828611,0.836141706614
1.19626854251,1.20284151477,100000,0.876748691334,1.03784391951
0.613113632269,0.378317465675,100000,0.388504880482,0.573015212624
1.25881883199,1.12681925963,1.14537964428,1.16873273778,1.17256778398
1.23693332143,1.20812633122,100000,1.22992059349,1.32222329895
0.920500962836,0.819369330866,0.753986586358,0.794312820335,0.816219451573
0.879639831962,0.962695724013,0.564941278033,0.976361828611,0.836141706614
0.16417248922,0.121015987015,0.382122830184,0.102013916381,0.0891872273577
0.318918261914,0.414562688247,0.547227027314,0.465790904516,0.404026469597
1.32514588786,1.2446501133,1.03651752707,1.226595738,1.21944599303
1.00843128524,0.828898977438,0.60789530389,100000,0.873757376478
100000,100000,0.47810770453,100000,0.814847805234
0.968703898503,0.909701436609,0.580618070407,0.966986133094,0.962190921355
0.970734150733,0.693274591599,0.721706534346,0.823698443181,0.876279477323
1.30968876716,100000,0.602100766799,0.92424005446,1.07360118961
0.775980009814,0.714200234808,100000,0.672905760595,0.815074063008
1.45982102206,1.09340747612,0.664469220268,1.03018754895,1.06902981682
1.23935412597,0.928277539794,0.56198804876,100000,1.01594523627
0.459166773684,0.483707941297,0.480366621806,0.455740343227,0.38051367204
1.37281276081,100000,0.670875600221,100000,1.04481415593
1.099229718,100000,0.48403042167,0.77814190958,0.903892961335
100000,100000,0.487519150138,100000,100000
1.18953232601,0.988232245643,100000,0.89053895892,0.975104431151
0.769578399239,0.778269413848,100000,0.790336247467,0.731068099804
1.17353674128,100000,0.539188940896,100000,100000
0.414097009483,0.372205533508,100000,0.478006580566,0.445523787951
0.850495828295,0.800155986762,100000,0.615234851132,0.649641401479
0.920500962836,0.819369330866,0.753986586358,0.794312820335,0.816219451573
0.554357244071,0.585215654166,0.761816671126,0.52986358368,0.541710789231
0.516869874996,0.512999120414,0.729270231914,0.607884058831,0.598446416507
100000,100000,100000,100000,0.449896961843
0.792331630629,0.824879106827,0.464806769884,0.80342687019,0.723171068012
100000,100000,100000,100000,100000
1.18604497841,0.974435392108,100000,0.816914296489,0.960004585444
0.468906485375,0.589643420579,0.56102914903,0.449924629728,0.464299654944
100000,100000,100000,100000,100000
0.554357244071,0.585215654166,0.761816671126,0.52986358368,0.541710789231
0.979492835928,0.934369424938,0.879542385621,0.677161661444,0.821938164935
0.709165024334,0.698942271221,100000,0.633393601938,0.608112275444
100000,100000,100000,100000,100000
1.34542193034,1.08130532395,0.734536373397,1.01878513334,1.0557847222
0.392802140668,0.430748502921,0.259724009465,0.285703342408,0.350451778789
0.182110769814,0.209453884919,0.298038940355,0.261231337691,0.121485527588
0.573751276532,0.442948233008,100000,100000,0.506568312306
100000,100000,100000,100000,100000
0.857286762756,0.723015693894,0.59576105306,0.875840899973,0.889740091002
1.29578337182,0.970543104095,0.780292232516,0.965519729025,1.06220241354
100000,0.667898300708,0.564586547715,0.69860935153,0.811507602657
100000,100000,100000,100000,100000
0.996123393583,0.893263241159,100000,0.702958720131,0.79063428687
100000,100000,100000,100000,100000
1.20742303101,1.1818534104,1.1256792549,1.14435582639,1.13786615352
1.29758003265,100000,100000,0.98502337311,0.983143056295
1.23383696944,1.18229036623,1.0908458843,1.1238705097,1.16423216123
100000,100000,100000,100000,1.13701558784
0.874151826386,100000,0.327713271485,100000,0.650012199657
0.610876259081,100000,0.46801236793,100000,0.672696854449
0.703089685564,0.704054617756,0.610154152191,0.655649133259,0.681072682103
0.214300812075,0.200981456168,0.304958709241,0.191913802894,0.183780387223
0.330208539413,0.22960131407,100000,0.245043032935,0.283506794289
0.817158414842,100000,0.522063847248,0.806968043306,0.662357216716
0.418204397416,0.775001160896,0.371213362145,0.569215701839,0.396028600862
0.444398881935,100000,0.192342777491,0.347884422059,0.41731678871
0.903919810502,100000,100000,100000,0.939040409973
0.322144806447,100000,0.37867822074,0.524542307472,0.444671132487
0.353075218149,0.345213148705,100000,0.241338625523,0.215834058746
1.31977155942,1.0678328193,100000,1.10055638098,1.03075142869
1.20742303101,1.1818534104,1.1256792549,1.14435582639,1.13786615352
0.327993130338,0.307702809901,0.596205149581,0.37390330783,0.370186510863
0.453701953126,0.513699262095,100000,0.346641925121,0.376418404731
0.345106659118,0.179294988818,100000,0.265887468663,0.306689828689
0.996245064038,0.841813995495,0.747049295038,0.888710982452,0.925872759344
0.958959989204,0.959100188942,0.651006234566,0.944200304892,0.841506233033
1.00076536734,100000,0.547495065583,100000,0.834049473748
1.25854780702,0.942653627018,100000,0.88815016427,0.904038584914
1.09264131224,100000,100000,0.773739562217,100000
0.502180802964,100000,0.393184203377,0.68114852241,0.512629570779
100000,100000,100000,100000,100000
0.344966903657,0.490099817877,0.561949394878,0.444066087319,0.430679749704
0.370238151815,0.294708865666,100000,0.349657464042,0.350065483579
0.86617206639,100000,100000,100000,100000
0.800846549364,0.647357338099,100000,0.679256050601,100000
0.630380153521,0.838398024471,0.526325462663,0.619414113308,0.675980943367
0.69730142149,0.727754203393,100000,0.755004434812,0.796484224186
1.08902588482,100000,0.639122040649,0.998823399754,0.952064939564
0.943587201638,0.737287460967,0.706224292647,0.804540992694,0.934558248885
0.479737078806,0.487037081826,0.694026381413,0.569681733307,0.568971448042
1.01094104202,100000,100000,100000,0.781847093289
0.197114627752,0.206535407882,0.0877177017001,0.147085168067,0.144746000169
0.227306463289,0.18764450449,0.246093947668,0.154760480047,0.183604722368
1.13988779121,1.16061227293,100000,1.0935066193,1.27022195334
1.29795358603,1.25744865023,1.01995827779,1.1467875517,1.1086816755
0.405249469723,0.425919721099,100000,0.261292274939,0.2448487657
1.20470472654,1.1824812721,100000,100000,100000
0.399991852338,0.444983080088,100000,0.451106174012,0.366631229898
0.828608405562,100000,0.62848682724,0.866426235478,0.917896441539
1.3245580666,1.26438442005,100000,1.19127874564,1.1968046159
1.23383696944,1.18229036623,1.0908458843,1.1238705097,1.16423216123
0.11400484674,0.0278781993295,0.131550081413,-0.0385326798105,0.0266290821427
1.23383696944,1.18229036623,1.0908458843,1.1238705097,1.16423216123
0.0840284637441,0.120392719586,0.0973191777567,0.0369651140714,0.0951145960014
0.2194532719,0.240138592757,0.372914576628,0.204892354343,0.147493575168
0.755914188706,0.965460748756,0.758385296773,0.784337598947,0.770381399531
0.0452749548354,0.195737605772,0.469966099479,0.182550635427,0.156307588451
0.155292617632,0.195516160991,0.20415895942,0.150127925313,0.234260869778
0.797766855812,0.740833282142,0.777412722739,0.892628289822,0.862132108112
0.190839117895,0.178839716622,100000,0.258595765868,0.186150983981
0.542116135831,100000,100000,100000,0.563012757809
0.770978523106,0.816455606911,0.514834590951,0.83857719563,0.644922685884
1.23383696944,1.18229036623,1.0908458843,1.1238705097,1.16423216123
0.219197970874,0.237412153871,0.179585677808,0.199076637559,0.310395411877
0.75135609473,100000,0.501524999259,0.586924255205,0.601241570608
0.553476963852,0.615668927064,0.451036272846,0.675291105044,0.516899023874
0.870178509339,0.773329189525,0.690099564039,0.813362419884,0.765831221471
0.434118035033,100000,0.147146908369,0.269851207531,0.291199829493
0.655327952874,0.840719675829,0.566084435266,0.861438335902,0.839586149922
0.50105681065,0.770946478799,0.456928710031,0.634723843172,0.602159189023
100000,100000,100000,100000,100000
0.367201986475,0.252846167918,100000,100000,0.355134677355
1.15230423743,1.34135451052,0.899771373125,0.937924593784,1.07095084694
0.267819616312,0.220655332897,0.171880423935,0.0094144148718,0.18988452604
0.327602212148,0.292975987872,0.265114787152,0.0908437643944,0.23013252034
1.18020788832,1.08875090155,0.839125522774,1.07887350136,0.960709700472
0.744988261184,100000,0.466166950906,0.771456076017,0.592311933167
0.567504972664,100000,100000,100000,100000
1.27299958903,1.18973554085,1.08260343556,1.1690858121,1.16976461864
1.41770029017,1.16598154885,100000,1.09856544808,1.40373874473
0.702919008146,0.72102964661,0.436957575354,0.748668686409,0.661484157508
0.684031412937,100000,0.386621080259,0.749256463129,0.628743060233
0.532493856488,0.523331703581,0.573035630278,0.427667551557,0.383115265127
0.88720821813,0.650065889171,0.332112079735,0.681807995462,0.565908754372
0.699272505759,0.768192901193,0.481385596188,0.690122757136,0.575567217
0.750649344151,0.748847240999,0.532204090581,0.727868260101,0.60947630333
0.271001373671,0.199947387672,0.0444611847084,0.0956034579897,0.133825576132
0.544032324942,100000,0.210180020528,0.530931434272,0.479020328426
0.694374008214,0.750656661336,0.538798597668,0.70725430632,0.613377036942
0.764960340536,100000,0.34146527918,100000,0.579352561153
0.522027591855,0.550086051843,0.261561172812,0.448952140616,0.401950855488
0.698488576247,100000,0.272647492376,0.516580432857,0.582895092788
0.593117622908,100000,0.29260161403,100000,0.614036029552
0.759050265273,100000,0.262524182953,100000,0.58899300315
0.419191258018,0.462141163747,0.229013472781,0.325226247727,0.528517898755
0.313018839511,0.312067814321,0.197766944978,0.22898287182,0.341819866102
0.320804910558,0.281703043925,0.274924592468,0.299464579308,0.348953854781
0.219197970874,0.237412153871,0.179585677808,0.199076637559,0.310395411877
0.589468143109,0.634742949619,0.421707693033,0.598042630735,0.457317741532
0.765671534961,0.985546539014,0.53567520351,0.859234658105,0.861150581277
0.760262222052,0.712742272133,0.48109877257,0.705185954107,0.664042142493
0.796267127482,0.696353449074,0.367356849345,0.72541924646,0.655660234529
0.410587744576,0.193010203227,0.140210765426,0.256037724058,0.108184554254
0.622107403902,0.608179072339,0.332992608133,0.68289754564,0.537975833298
0.315131876257,0.433340589163,0.492826884494,0.224724546129,0.329827455581
1.23383696944,1.18229036623,1.0908458843,1.1238705097,1.16423216123
0.164478011824,0.206771853275,100000,0.0138994014938,0.248743128494
0.565779978215,0.683586411454,0.408447146217,0.413758093517,0.396735076886
1.03094353236,100000,0.841407232343,0.821376561727,1.12886323854
0.58967030179,0.577116141827,0.452937220673,0.55175360689,0.555644360236
0.594294947124,100000,0.404910359787,0.422167594575,0.51370626829
100000,100000,100000,100000,100000
0.798985771352,0.745606955414,0.609018941076,0.702496570269,0.696398399786
0.616465897531,100000,100000,100000,0.588825587325
0.489578167298,0.383221965433,0.200859247892,0.36871837389,0.485590704948
0.193888209505,0.244857767709,0.301154161962,-0.0867068905135,0.209714687143
1.15118170319,1.25436860461,1.0852083923,1.02920631646,1.10301001132
0.434896390535,0.780517992886,0.505507662288,0.596732310022,0.565526362375
0.648021768875,100000,0.351848723675,100000,0.517970355314
0.640354467691,100000,0.652586948656,100000,100000
0.410500946102,0.716867258981,0.394543779751,0.455652798611,0.452029072992
0.514876288565,0.833575973229,0.444644667899,0.646722521279,0.639109326888
0.681653173496,0.70690593721,0.639522859855,0.625478707852,0.689057847404
0.214183383651,0.349503236207,0.400159904492,0.40130528398,0.331970223495
0.191880964541,0.179021479223,0.101673592746,0.149685494122,0.189616517215
0.826655352951,0.796412593501,0.640593248029,0.856856734745,0.856614549603
0.388319804748,0.712482830461,0.605004566616,0.644455967072,0.598270744707
0.81456736722,0.904443362006,0.665417118283,0.807957198608,0.915968835908
0.53769943568,0.902690179243,0.687336024268,0.689521845442,0.82687707773
10000,10000,10000,10000,10000
0.12773324284,0.357166901394,0.378464662603,0.249728031867,0.350007436593
0.551474909842,100000,0.452530007179,0.66983547198,100000
0.376521618132,100000,0.406557905439,0.667965890121,0.609179127891
0.15048165566,0.358072623976,0.41747847,-0.190056137115,0.365963891302
0.691077515492,100000,0.433929643431,100000,0.640853229672
0.237453822808,100000,100000,0.197700018444,0.37026686802
0.852068102851,100000,100000,100000,1.0813936055
1.07275943131,1.16456111737,1.03593392211,1.13518358945,1.15982586199
0.959523643349,1.20541366505,100000,1.13571763153,1.19161401088
1.32135781493,1.30015699128,1.10203600177,1.13846617689,1.21477286804
0.386981601772,0.589420634208,0.311005272674,0.504248180119,0.443554531821
0.269321246934,0.508521357412,0.222146275826,0.33679597687,0.392504592211
0.120208416718,0.0299058786093,0.357667909412,-0.118210716324,0.0614690343173
1.23383696944,1.18229036623,1.0908458843,1.1238705097,1.16423216123
0.966391842985,100000,0.491728361933,100000,100000
0.714527695431,100000,100000,100000,100000
1.36240482994,1.2411913085,100000,100000,1.25996908711
0.903090336336,100000,100000,100000,100000
1.03514986595,100000,100000,100000,1.07463363786
0.408583738851,0.583653531942,0.462448797642,0.531671410895,0.51113407007
0.479350396927,100000,0.492663054831,0.427121596447,0.588503868468
0.889069499742,100000,0.465756452927,100000,100000
0.0872416008281,0.231918057931,0.439322852293,0.204092513168,0.156933118659
0.848820253764,0.980269391552,0.677918686036,0.813708125525,0.932965693901
1.26977677407,1.12191830885,100000,100000,1.35551411701
0.413227741467,0.691551744709,0.559343173198,0.641028658707,0.682971466951
0.714007587072,100000,100000,100000,100000
100000,100000,100000,100000,100000
0.78570533661,100000,100000,0.779923952926,100000
0.423875090869,100000,0.139254166005,100000,0.491962772809
100000,100000,100000,100000,100000
0.162572731341,0.173136229736,0.318211445999,-0.0226110679815,0.138204576461
1.23383696944,1.18229036623,1.0908458843,1.1238705097,1.16423216123
0.183190061477,0.286202367356,0.401998675294,0.212588644815,0.155318160248
1.47451640718,1.1192511367,100000,1.21551247515,1.24383660992
0.615536037954,100000,100000,100000,100000
0.44412376357,0.35404410237,100000,0.340644789407,0.269877174752
0.630088769696,0.847936962723,0.500814266104,0.729581555115,0.928017194218
10000,10000,10000,10000,10000
0.974347702389,1.10458276263,0.998354477731,1.04071668952,1.17970239852
0.828608405562,100000,0.62848682724,0.866426235478,0.917896441539
1.43987637243,1.04792925503,100000,1.05666722648,100000
1.24547848451,1.26100254575,100000,100000,1.15401088818
1.32114865756,1.06312461718,100000,0.891772729686,1.16352744097
0.630088769696,0.847936962723,0.500814266104,0.729581555115,0.928017194218
0.60415956855,0.788406183245,0.615054042811,0.682195650007,0.728942109043
0.406978367809,0.434050122574,0.294032301072,0.32294698983,0.318054680566
0.389089590488,0.498994910388,100000,0.351161625649,0.359243168358
0.573869190705,100000,0.464130349973,100000,0.794757476242
0.841041367498,100000,0.651040843367,0.707484094584,0.855240403264
1.1279255851,1.17651399162,1.00789042473,1.03916052858,1.06576844291
0.615135380129,100000,0.342992125995,100000,0.771594661024
1.32135781493,1.30015699128,1.10203600177,1.13846617689,1.21477286804
0.699544013753,100000,100000,0.559208937035,100000
0.30540811347,0.420848498248,0.746672529745,0.40017186222,0.373404407085
0.289156650572,0.302456327034,100000,0.291009428311,0.383250424841
0.256411513036,0.479195103647,0.466136838136,0.420944247917,0.439841716788
0.285565869281,0.263960807844,0.301154161962,0.28099566328,0.344519902697
0.353620991058,0.374177291131,0.233633684979,0.236620337201,0.298557277719
0.672156686102,0.579486474755,0.385210527754,0.63762818005,0.660139465987
0.228505311425,0.296270219458,100000,0.186051530637,0.329984971168
0.622454031301,100000,0.358150488204,100000,100000
0.395011866148,100000,0.383365054311,0.503142978628,0.664985177896
0.493002042641,0.828999594014,0.631225749622,0.630630118647,0.65865134288
0.630088769696,0.847936962723,0.500814266104,0.729581555115,0.928017194218
0.530777968952,100000,0.443144010644,0.709314041283,100000
0.643779196978,0.483087816277,0.366955128991,0.563946639879,100000
0.0855300026567,0.192632560534,0.471084342518,0.192637182798,0.143431785128
0.136627928903,0.316994262761,0.327121258819,-0.122458777848,0.2710511281
0.684476466843,100000,100000,0.409735131555,100000
1.22376816974,1.253978422,0.978071513614,1.10036540295,1.10488371456
1.07195489874,1.23929612124,0.887609855468,1.00666550681,1.00828265112
1.28222393063,1.28042912905,100000,1.14099022228,1.17274631834
0.269321246934,0.508521357412,0.222146275826,0.33679597687,0.392504592211
0.397268505492,0.475531627239,100000,0.310477461714,0.451521955318
0.198610390004,0.226530000165,0.318533413837,0.235007331053,0.162009676354
1.2639978536,1.16342690527,1.11328176734,1.15595399969,1.12545149426
10000,10000,10000,10000,10000
1.27299958903,1.18973554085,1.08260343556,1.1690858121,1.16976461864
1.23383696944,1.18229036623,1.0908458843,1.1238705097,1.16423216123
0.830342936988,0.585665674103,0.437792644399,100000,0.556095315612
1.23383696944,1.18229036623,1.0908458843,1.1238705097,1.16423216123
0.183465347354,0.169648123007,0.140057207403,0.0619860909535,0.117697008072
1.19386900865,1.16500297549,0.992092305355,0.963639603792,0.966913689643
0.213362137254,0.133200747019,0.158884755114,0.143776556306,0.151280502419
1.20714921931,1.19363935628,1.01013663282,1.14004221109,1.03344130138
1.01129826371,0.684934463433,0.420267164886,0.714660497241,0.541447952143
0.125714270715,0.0752635188852,0.23321158633,-0.0556979361727,0.0121298359287
100000,100000,0.063691959249,100000,100000
0.192840590812,0.362745953516,0.378816105364,0.301493689939,0.291898535402
0.495052074702,0.726629641321,0.464475416485,0.644062003502,0.688795748389
100000,100000,0.10253593663,100000,100000
0.379453786304,0.345213148705,100000,0.276846443817,0.283217716178
0.557429449276,0.596263314983,100000,0.492459472119,0.50092905693
0.829347488839,100000,0.448383882602,100000,0.732235682813
1.20742303101,1.1818534104,1.1256792549,1.14435582639,1.13786615352
1.11461948786,1.20603224993,0.862281722316,0.957089174812,0.971877298037
1.23383696944,1.18229036623,1.0908458843,1.1238705097,1.16423216123
0.698533220052,0.53928255705,0.370610750892,100000,0.616739010168
0.869687851353,100000,100000,0.665159030187,100000
0.166815284063,0.180658286557,0.124934937882,0.123029898927,0.138968025116
1.07858108944,0.955024141814,100000,0.899805426004,0.837045238895
1.04664126528,100000,100000,1.20874961749,1.17800639019
0.828958931568,100000,0.504621969231,100000,0.665968186229
1.25959077554,1.22972897108,100000,1.26850993693,1.28651669713
0.678933852959,0.688139025099,100000,0.771922896004,0.665393191579
0.406910060321,0.474422648402,0.466263236454,0.328406174558,0.414901874404
0.966391842985,100000,0.491728361933,100000,100000
0.773647964082,100000,0.442035260345,0.754951723497,0.588250412425
0.166481806185,0.145479363119,0.106730664844,0.113671948536,0.119958568545
0.857031896582,0.606906322123,0.317286134253,100000,100000
0.750253712479,0.667208002254,0.419229955649,100000,100000
0.785135974845,0.812979566417,0.43290572352,0.69664536691,0.702768521074
1.00189432194,100000,0.426707726399,100000,0.821500273791
0.582057045469,100000,100000,0.316231984994,0.51390152362
0.258414596936,0.302456327034,100000,0.191265797759,0.221284982838
1.3277282113,100000,0.789994300195,0.977524894995,1.13549708766
0.730850625298,100000,0.493244057927,0.661424058136,0.768313007236
1.15026560002,100000,0.628813109844,0.834054769962,1.00226543967
0.856125017918,100000,100000,100000,100000
100000,100000,100000,100000,100000
0.622865250482,100000,100000,100000,100000
1.42377572895,1.09395861682,100000,1.15237033958,1.16384958104
10000,10000,10000,10000,10000
0.324564849559,0.347269348026,0.153416797555,0.0831780116101,0.215841565217
0.279222201091,0.282755213603,0.206193739964,0.23873976884,0.254071364522
1.18295544374,100000,100000,0.673829530378,0.969713113144
100000,100000,100000,0.59260922564,0.581919695608
0.403433688269,0.557097756272,0.434101495266,0.504118788487,0.449769025367
0.653198204513,100000,0.254158085004,0.441366837657,0.469970111717
1.19386900865,1.16500297549,0.992092305355,0.963639603792,0.966913689643
0.458182188411,100000,0.463696934953,0.446448672291,0.650979951639
1.074719225,0.921591943692,0.612925700841,0.70733072531,0.710623885902
0.378895716958,0.247820668532,0.205229593716,0.16611939593,0.338564947996
0.265213493325,0.279474962308,0.151637004912,0.235970141974,0.26550225666
1.04672635164,1.27805270725,1.1032421954,1.08781872851,1.16939830204
1.32965743695,1.20248809573,100000,100000,1.06077171281
0.433734125417,100000,0.460776588489,0.570156754508,0.662296518042
0.486141143309,100000,100000,100000,100000
1.46089650325,1.09421301265,100000,1.2389316651,1.3920400203
0.940509593123,100000,0.577675191031,0.824687896452,0.851503269556
1.10035145426,100000,0.530224901276,0.776511880921,1.0296399474
0.563460731787,100000,0.540631133002,100000,0.535478881011
0.533155620465,0.534668044115,0.687254019891,0.493372248567,0.590740636537
0.985847904775,1.21249150058,100000,0.947756849454,100000
0.466270268191,0.826954271331,0.340006422872,0.453266556263,0.498816978502
0.592362679769,0.922542588947,0.424877208848,0.569569634985,0.548386933034
0.303104411658,0.430918822647,100000,0.197700018444,0.31748992561
0.891017132732,100000,0.620214660198,100000,0.93857287079
0.526910231013,100000,100000,0.36157017372,0.633325495487
0.381616670484,0.78569744288,0.486197621394,0.469410643036,0.651727113894
0.390433489601,0.403542525787,100000,0.243926285973,0.525914372055
1.29948430594,100000,0.741112013652,0.917038823123,1.06523620857
0.880070253402,1.0303546274,0.63971267807,0.860897473944,0.88606616891
1.05030722476,0.903307329918,0.599003234389,0.920407222954,0.962691247511
0.311130761626,0.302456327034,0.179585677808,0.230245158843,0.264429016501
0.732859773716,100000,0.458086857887,0.692129527617,0.778055050653
0.357097157001,100000,0.179585677808,0.291009428311,0.429216820217
1.47412944992,1.32487316601,100000,100000,1.32235541712
1.34059233825,1.29843661684,100000,100000,1.06733984563
1.14063763938,0.85433878783,100000,100000,100000
10000,10000,10000,10000,10000
0.34533341202,0.375258437493,0.518463826579,0.531655026307,0.441966580037
1.29520325142,1.12459849053,0.957566797372,1.14432161682,1.06974268858
0.691712144072,0.566518465502,0.431364557526,0.584855465025,0.565414593891
100000,100000,0.295088939748,100000,100000
1.33197670749,1.1142780678,100000,1.30639692961,1.22881151603
10000,10000,10000,10000,10000
0.394298930454,0.385518915846,100000,0.394451338437,0.316285133689
10000,10000,10000,10000,10000
0.274677720534,0.169959405391,0.147146908369,0.195974725567,0.193067854093
10000,10000,10000,10000,10000
10000,10000,10000,10000,10000
1.51252107072,1.1565682666,100000,1.26890770964,1.2253285943
0.746497737087,100000,0.294032301072,100000,0.602151560949
10000,10000,10000,10000,10000
1.27193693054,1.14386951799,100000,1.13652217282,1.09577841381
1.3208275959,1.19587453553,100000,1.08617554121,1.05353355967
0.492302754866,0.676259260913,0.469689869538,0.706486887844,0.675108008796
0.475226759055,0.525223247689,0.544752088123,0.454300763039,0.413761695183
0.294525847241,0.293387698832,0.294032301072,0.170069585062,0.225534044139
0.8342975734,100000,0.704823724417,0.762253449004,0.852012996538
0.147119174632,0.108929068646,0.0778762991867,0.0258062210627,0.0736994900384
100000,100000,0.528041125592,100000,100000
1.12285339806,100000,0.64037721661,1.04093103764,0.902535464237
1.23383696944,1.18229036623,1.0908458843,1.1238705097,1.16423216123
1.08551880393,100000,0.586310397535,0.835372947381,0.889840631198
100000,100000,0.392434357306,100000,0.805661360862
100000,100000,100000,100000,100000
0.855465248663,100000,100000,100000,0.862321366417
1.14938200031,0.923286384289,0.625782985508,0.869902719696,0.868300404694
0.429970789916,100000,100000,100000,0.417143848188
1.03389725513,100000,0.701700965756,0.798943908459,0.928056651963
0.505970886401,0.61768880387,100000,0.337691681817,0.275193067861
0.336845623074,0.329344944622,100000,0.336975823686,0.300172833909
0.682665637849,100000,0.380177164779,0.586762476411,0.532762635489
0.228683568683,0.25387786557,0.177605414711,0.236620337201,0.249269326238
0.629381679904,0.459740547173,0.342356486748,0.594134249216,0.434868009552
0.53659051035,0.551860315988,100000,0.589280588306,0.637402558409
0.303584277749,0.21830660193,0.301154161962,0.260662743939,0.247988553925
100000,100000,100000,100000,100000
100000,100000,100000,0.336975823686,100000
0.175928608699,0.224404537897,100000,0.193921308529,0.181244731569
0.531456865299,0.502617873182,0.275372414708,100000,0.412354763099
0.275414356003,0.21981105301,0.206193739964,0.191605483991,0.158213234876
0.373444783532,0.491248451388,0.244427255472,0.502630613417,0.303784810473
0.56042294634,100000,0.184958818893,0.404621951711,0.532874607512
0.778500948813,0.60116667206,0.368944058697,0.566407706118,0.516425695279
0.87961624263,100000,100000,100000,100000
0.940057416789,100000,0.371664328978,100000,100000
100000,100000,0.348449254709,0.61037618524,0.598619714059
0.595685441941,100000,0.201043146495,100000,100000
100000,100000,0.298982727884,100000,0.636614624369
0.370374726215,0.403542525787,100000,0.210979975931,0.356948104977
0.484502845016,0.71217934495,0.412181609568,0.53234494689,0.592448600119
0.342206923668,0.333749179223,100000,0.286111920523,0.442829554318
0.38238559279,0.356146348334,0.28504174305,0.28872152644,0.159063171703
0.73460346401,0.583566553103,0.421091661795,100000,0.321495437828
0.793223191168,0.503093726653,100000,100000,0.347798441762
100000,100000,100000,100000,0.44651490385
0.364229496822,0.45223457597,0.161005685393,0.222048255875,0.203006430698
0.432565518091,0.420154734106,100000,0.257755583653,0.254478478101
0.72945807066,0.667306891564,0.30724871247,0.628723752155,0.499566413644
0.60406696834,100000,0.294386050904,0.47415095348,0.443214782901
0.239360175466,0.317514835911,0.506152771121,0.38799467679,0.283115314997
100000,100000,100000,100000,1.03047893825
0.198610390004,0.226530000165,0.318533413837,0.235007331053,0.162009676354
100000,100000,100000,100000,0.680925661102
1.32114865756,1.06312461718,100000,0.891772729686,1.16352744097
0.2617400667,0.258968606304,0.104946847575,0.213069472549,0.187499899528
0.474725953765,0.690257337452,0.498385509206,0.632111471446,0.606622947195
1.15230423743,1.34135451052,0.899771373125,0.937924593784,1.07095084694
1.32135781493,1.30015699128,1.10203600177,1.13846617689,1.21477286804
100000,100000,100000,0.365252579127,0.531180452848
1.47451640718,1.1192511367,100000,1.21551247515,1.24383660992
100000,100000,100000,100000,100000
1.47295501902,100000,100000,1.10878452234,1.16032839636
0.595685441941,0.420154734106,100000,100000,0.429042406089
100000,100000,100000,100000,100000
100000,100000,100000,100000,100000
1.00632534731,100000,0.798032905363,0.987471722043,1.06651921662
0.57392052605,0.305646423385,100000,0.363455369331,0.285207837176
1.20742303101,1.1818534104,1.1256792549,1.14435582639,1.13786615352
0.47573272726,0.286814723584,0.368437275171,0.267153557939,0.315171785665
1.23383696944,1.18229036623,1.0908458843,1.1238705097,1.16423216123
0.74059341688,0.701680774249,0.567055727354,100000,0.708598965527
0.363779859652,0.315332269255,0.447432910366,0.345660369478,0.295062850929
0.272648999086,0.23183695451,100000,0.290860420939,0.243687890702
1.12559332341,0.844044201193,100000,100000,0.796116361092
0.969674438907,0.575196226343,0.437972071127,100000,0.483968306574
1.36717789052,100000,100000,1.09011080592,1.09152864117
100000,100000,100000,100000,100000
1.21233855002,1.10542366558,100000,1.09588123543,1.26073918197
1.36073353425,1.19390572184,100000,1.21468693247,1.29835733696
1.55039159082,1.18792388044,100000,1.31386847491,1.17247246904
1.46081239387,1.28435901946,100000,100000,1.24459120247
0.863877871482,0.837254436316,0.693539510328,0.807080819246,0.795326217164
0.694523469069,100000,0.28504174305,100000,100000
1.2384112685,1.13832642534,100000,1.21116609127,1.28419998128
1.18797240173,1.26177485307,100000,1.13284744881,1.18287514405
100000,0.767886750536,100000,100000,0.5424025813
100000,100000,0.147146908369,100000,100000
1.28820999642,1.11203641293,100000,100000,1.11060081946
0.57392052605,100000,100000,100000,100000
1.38044261856,1.14134216124,1.03713778322,100000,1.2232063872
1.51133736712,1.09627416498,100000,100000,1.29824956079
0.95812797799,100000,0.600444857196,100000,100000
1.44050245368,100000,100000,100000,100000
100000,100000,100000,100000,100000
100000,100000,100000,100000,100000
1.45250726813,1.09525358902,100000,1.13490916412,1.0604808748
0.451530293545,0.376171136651,100000,0.443169043483,0.448986430375
100000,100000,0.552933057329,100000,100000
0.761459639759,0.722679293499,0.535532844913,0.750222952062,0.659479968307
1.2814167939,1.09377915737,1.0517333628,1.1404206304,1.00854830344
0.243313715988,0.206726196911,0.153416797555,0.18070963792,0.189085767088
100000,100000,100000,0.660117181331,0.57980507713
0.391065823382,0.209951680259,100000,0.241338625523,0.218273279
1.44160071492,1.2863337283,100000,1.21195896282,1.23306797997
0.380552624251,0.484125064297,0.368627691531,0.424281696367,0.442270725054
0.497923555886,0.685851417964,0.410171791733,0.438210894114,0.359400443749
1.4590291197,1.34736930794,100000,1.15958262459,1.05508808903
1.27281347297,100000,1.02802352482,1.20272963856,1.25154570476
1.15653827802,1.20653177379,1.11954959328,1.10799721258,1.15011422565
0.585180674266,0.518375836931,0.719358379869,0.593021248612,0.572686920211
1.3208275959,1.19587453553,100000,1.08617554121,1.05353355967
0.75770541213,0.637293093444,0.485254532744,100000,0.569839419114
1.2721374878,1.13241669054,100000,1.06694128246,1.16744150798
0.87671115256,100000,100000,100000,100000
1.51252107072,1.1565682666,100000,1.26890770964,1.2253285943
0.917855249694,100000,0.545148466706,0.861774140359,0.7394779389
100000,100000,100000,100000,100000
0.504744389926,0.577239497115,0.474715383319,0.587404371294,0.55826614274
0.952044422978,0.86024804596,100000,100000,0.813850517306
1.50052572606,1.12389534209,100000,100000,1.23003742945
1.27193693054,1.14386951799,100000,1.13652217282,1.09577841381
100000,100000,100000,100000,0.984428144786
100000,0.602175521411,0.570571475467,100000,0.659045733791
0.498596001833,0.24439722287,100000,0.358514851477,0.358933206807
1.12470662586,1.05667567668,100000,1.15142473632,1.16939201913
1.20742303101,1.1818534104,1.1256792549,1.14435582639,1.13786615352
0.664953924345,0.682192387489,0.478151326608,0.627330473451,0.559629636741
1.15604195859,1.21961569535,100000,0.988122987075,0.992703006858
1.6068109387,1.08687696046,100000,1.13391751287,1.17728184979
1.19626854251,1.20284151477,100000,0.876748691334,1.03784391951
1.25852049126,1.1498364665,100000,1.09205671453,1.20813687561
100000,100000,100000,100000,1.04282280316
1.13769830751,1.1066921927,0.704871722819,1.0021496486,0.93801898507
1.23383696944,1.18229036623,1.0908458843,1.1238705097,1.16423216123
1.2639978536,1.16342690527,1.11328176734,1.15595399969,1.12545149426
1.56855362554,100000,0.950593853423,100000,1.1793447511
1.11577469173,1.0564650764,0.692368412882,0.834405603647,0.78225925192
1.48446693578,1.16609534772,100000,1.16800105221,0.918869076297
1.14669331785,100000,0.65397341849,100000,100000
1.25852049126,1.1498364665,100000,1.09205671453,1.20813687561
1.29241267086,1.18049089262,1.10619125539,1.14901560198,1.1387699779
0.89065398435,1.17532972161,0.656928113837,0.928161841601,0.997624606516
0.22064621604,0.304988466029,0.158884755114,0.160617897194,0.232305090045
0.210814260696,0.212554068891,0.130093614844,0.0361655319642,0.179438505268
0.600902708011,0.602148380893,0.564249045314,0.664537874086,0.675883759479
1.15118170319,1.25436860461,1.0852083923,1.02920631646,1.10301001132
1.20714921931,1.19363935628,1.01013663282,1.14004221109,1.03344130138
0.610036135994,0.725043165457,0.587784228266,0.663702332181,0.726151908727
1.20742303101,1.1818534104,1.1256792549,1.14435582639,1.13786615352
1.05623954305,1.05491641749,0.70198278692,0.99392201189,0.946371466514
1.29808835591,0.937396314296,0.885146863662,1.02593659947,1.07073275064
0.430245210475,100000,0.467160378934,0.501826910728,0.736490275262
100000,100000,0.578193378673,100000,100000
1.23146623049,1.20082710771,0.979895511619,1.1208581362,1.09775980513
0.509841393407,0.72396541339,0.531755957998,0.632848965727,0.633944319356
0.631659509989,0.621560774525,0.384472754621,0.516294253213,0.701657949098
0.0997908574726,0.0843375294559,0.37251276118,0.237537402109,0.153662533095
1.23383696944,1.18229036623,1.0908458843,1.1238705097,1.16423216123
0.6636892705,0.628620949124,0.366594755199,0.592274599308,0.455320747086
0.397453436068,0.436400778153,0.216288621616,0.352378185579,0.339402529738
0.725289097569,0.921675990936,0.544501164037,0.738431521249,0.702105759673
0.17672703107,0.151927006411,0.382835008427,0.197974835844,0.118921696158
0.766990737835,100000,0.39156391445,0.6637254983,0.723878083403
1.20742303101,1.1818534104,1.1256792549,1.14435582639,1.13786615352
0.168876655174,0.0396927473557,0.134037407131,0.0210297056888,0.0796779952145
0.66755775641,0.713561318536,0.446587765031,0.716495772903,0.642741107005
0.53839851611,0.679823642108,0.360347358307,0.606862936431,0.588922170739
0.395117119108,0.179285057088,0.337422851483,0.361843586301,0.307498332538
0.181745169199,0.131827549739,0.112056540537,0.158550464687,0.179012303968
1.19907295957,1.09486515409,1.15758353639,1.16151486189,1.18434669168
0.17672703107,0.151927006411,0.382835008427,0.197974835844,0.118921696158
1.47451640718,1.1192511367,100000,1.21551247515,1.24383660992
1.24172277946,1.16853439803,1.11635838337,1.14617811789,1.1610414669
1.25881883199,1.12681925963,1.14537964428,1.16873273778,1.17256778398
1.14750529158,1.00664844148,0.766493037715,0.948444850833,0.940653288793
1.27645228359,1.11539590142,1.19270981879,1.18674374836,1.2258244255
1.04664126528,100000,100000,1.20874961749,1.17800639019
1.46439486721,1.21345940827,0.979993529305,100000,1.24752789074
1.41655605865,1.19893082334,1.03447989273,1.11907149344,1.18890371845
1.1022665975,1.06498906266,1.02423488891,0.990056492813,1.02241341083
0.199892340796,0.273015599964,0.158884755114,0.0938044021107,0.296832778987
1.23383696944,1.18229036623,1.0908458843,1.1238705097,1.16423216123
0.228053170694,100000,100000,0.161965442003,0.356361807253
0.527106995414,0.549316480207,0.445464063115,0.551209307983,0.746744792009
1.15230423743,1.34135451052,0.899771373125,0.937924593784,1.07095084694
1.21808266186,100000,100000,100000,100000
0.736465827292,100000,0.406970330253,0.682789123172,0.665490323606
0.733145907316,0.639691872558,0.487081036829,100000,0.714894610766
0.714527695431,100000,100000,100000,100000
0.230264925537,0.173714331787,0.208311690371,0.193573588904,0.212213541133
0.684476466843,100000,100000,0.409735131555,100000
0.462703883685,0.39878532042,0.288910026963,0.342074020949,0.374854512134
0.192840590812,0.362745953516,0.378816105364,0.301493689939,0.291898535402
1.01186451466,100000,0.511530005941,100000,0.990527732873
0.168933171177,0.375311339998,100000,0.336975823686,0.356361807253
10000,10000,10000,10000,10000
0.920225270824,100000,0.43298201584,100000,0.877626900577
1.32135781493,1.30015699128,1.10203600177,1.13846617689,1.21477286804
0.462703883685,0.39878532042,0.288910026963,0.342074020949,0.374854512134
0.73605261048,100000,100000,0.697116492215,0.890305638673
0.443002897325,100000,0.35620264196,0.373175197848,100000
0.63116648421,0.732529825567,0.57808487972,0.653395820848,0.77839627244
10000,10000,10000,10000,10000
1.02868750325,100000,100000,0.728075411816,0.619653182562
1.55039159082,1.18792388044,100000,1.31386847491,1.17247246904
1.23383696944,1.18229036623,1.0908458843,1.1238705097,1.16423216123
0.196492795172,0.134229598389,0.20732923664,0.147181667283,0.135346007133
1.02017564336,100000,100000,1.22597456245,1.29645684683
1.16108362043,1.32656235736,100000,1.13997871491,1.40473628558
1.21879058055,100000,100000,100000,1.36832540151
1.12119641114,1.1405446058,100000,1.1844821388,1.29536735707
1.25959077554,1.22972897108,100000,1.26850993693,1.28651669713
1.45038326562,1.24200150869,100000,1.21074450141,1.1982333952
1.05787497301,1.3029116469,100000,1.14283186727,1.47306854542
1.37083673763,1.22546430569,100000,100000,1.34119869351
0.371482392143,0.268556357336,100000,0.304034851443,0.305618624377
1.38009404195,1.20454605815,100000,1.02501729845,1.31830490041
1.39065860825,100000,100000,100000,100000
1.49444542625,100000,100000,100000,1.43322576085
100000,1.34693705525,100000,100000,1.37242860866
0.458001386828,0.227582129839,100000,100000,0.318103200472
1.4030766498,1.26713651486,100000,1.30375460707,1.34230916312
1.27757480529,1.25275660207,1.04916004532,1.15349155051,1.2013941021
0.343777234555,0.376966900471,100000,0.375242008419,0.309685573009
1.47211219075,1.26898154533,100000,1.28386638521,1.34859422955
0.272376896725,0.261775211389,100000,0.312579716119,0.352731791825
0.286311877019,0.243129147329,0.499708479944,0.439119108968,0.365667435472
1.317392841,1.28749593748,100000,1.30470111394,1.42132980607
0.187266484094,0.258724837933,0.414538811218,0.266509046858,0.162973250545
0.279695054387,0.510259207296,100000,0.603647204329,0.636181141526
1.2710389907,1.24560130892,100000,1.39334743965,1.32981359939
1.28757774231,1.3685034874,100000,1.01206419347,1.33668237963
1.16504961585,100000,100000,100000,1.32901474477
0.226617345028,0.318824612704,100000,0.383697769001,0.31614410148
1.22376816974,1.253978422,0.978071513614,1.10036540295,1.10488371456
10000,10000,10000,10000,10000
0.973287258901,100000,100000,100000,100000
0.635822060899,100000,0.340113413897,0.530733179069,0.616501924651
1.10673906849,100000,100000,0.888921821954,1.06374318342
1.20774189119,1.21006526961,1.12871009426,1.12578737819,1.21968897247
1.07304855763,100000,100000,1.06939545631,100000
0.556718843212,100000,0.446031501335,0.746540828879,0.786652863433
0.527852277969,0.639477974306,0.542946438399,0.533175495137,0.491698495104
0.69667679151,0.895640192727,0.737996218297,0.752207868413,0.703403944627
0.668353262282,0.618474578493,100000,0.513386498514,0.415321515849
0.102411534767,0.0999820603397,0.0491990405357,0.0298136129631,0.089194729962
0.444205150898,0.451034800012,0.621006797937,0.560437610503,0.541680140275
0.540822150518,0.811515995653,0.673941471174,0.695266418612,0.84104829874
0.776701063897,0.730841040471,0.556484812486,100000,0.799862586034
1.37083673763,1.22546430569,100000,100000,1.34119869351
0.817120933654,0.759190210993,0.624578407892,0.784622838129,0.810922952669
1.16875584191,1.21527207348,100000,1.16042414225,1.24149592476
1.00885305091,1.02927337754,0.839748629114,1.03909001659,1.06332019481
1.23383696944,1.18229036623,1.0908458843,1.1238705097,1.16423216123
0.163321056045,-0.046448906992,0.390442346499,0.147196414661,0.123539420438
1.05787497301,1.3029116469,100000,1.14283186727,1.47306854542
1.32135781493,1.30015699128,1.10203600177,1.13846617689,1.21477286804
1.25852049126,1.1498364665,100000,1.09205671453,1.20813687561
1.16789474128,100000,100000,1.07271646221,100000
0.187629811366,0.308036253334,0.414125280662,0.345000606418,0.216210374773
1.4150370093,1.23071837733,100000,1.22888763104,1.20139879263
0.941203955585,1.15132310788,1.06277465681,1.09529267518,1.22096304291
1.16530891995,1.18845188558,100000,1.09096268874,1.14289946474
1.27299958903,1.18973554085,1.08260343556,1.1690858121,1.16976461864
1.28222393063,1.28042912905,100000,1.14099022228,1.17274631834
0.130484245194,0.170952925799,0.286514128162,0.14346455813,0.112652322968
1.23383696944,1.18229036623,1.0908458843,1.1238705097,1.16423216123
0.12777153333,0.149155460612,0.137797699435,0.0927288346067,0.112394947489
0.549685748085,100000,0.649662220001,100000,1.01432313663
0.555003766626,0.614648662922,0.580068908466,0.523137566394,0.672696854449
0.290447802097,0.354169228336,0.280141351342,0.274891176617,0.269765330968
0.732054835997,0.947590068562,0.609467638343,0.754144414747,0.850091808068
0.238089450015,0.301748520966,100000,0.243926285973,0.226172264105
1.12591600814,100000,100000,100000,100000
0.436093750058,0.619182021462,100000,0.590282070233,0.505520599441
1.21584748612,100000,100000,100000,100000
0.140652589443,0.128837628385,0.304648414396,0.0390988154523,0.131459157131
0.972257556635,100000,100000,0.990629005612,1.23125102621
0.801937482487,0.954391071481,0.670674401094,0.789326068782,0.88346066715
0.167446172294,0.329878183593,0.39977064954,0.281464331448,0.170916239548
1.23383696944,1.18229036623,1.0908458843,1.1238705097,1.16423216123
0.323147600641,0.273705354314,100000,0.493063822702,0.513395617489
10000,10000,10000,10000,10000
0.249756138051,0.31702900775,100000,0.228665336618,0.257172533047
1.091349731,1.25891941763,100000,1.18612972519,100000
0.684382514671,100000,100000,100000,100000
0.78401490514,0.617767643582,100000,0.830588483574,0.756642543323
0.839172696851,1.14110375099,100000,100000,1.16833887433
1.4259069151,1.12991122353,100000,1.38244872508,1.35057746727
0.418236993351,0.289715869945,100000,0.382025084117,0.361067187081
10000,10000,10000,10000,10000
0.425933095886,0.956382978502,0.616162830004,0.740110170905,0.966172840136
10000,10000,10000,10000,10000
0.349479178657,100000,100000,100000,100000
1.22577789575,1.19826509793,100000,1.19831077374,100000
0.369506754446,100000,100000,0.353211691971,100000
0.505180240779,100000,0.462382569283,100000,100000
1.22113530592,1.28254606185,0.97656995873,1.02917902062,1.04994856667
0.268328904999,0.45400089711,0.401718495784,0.283030508488,0.380394518095
1.22577789575,1.19826509793,100000,1.19831077374,100000
1.26817501323,100000,100000,100000,100000
0.972355017509,100000,100000,100000,100000
10000,10000,10000,10000,10000
10000,10000,10000,10000,10000
0.496957010818,0.519014940476,100000,0.529560426027,0.508681941043
1.05301384427,100000,0.712603393592,100000,100000
0.955099769362,100000,0.539821797503,100000,100000
1.17348243598,1.2853792128,100000,1.28038802164,1.35966375313
0.258395432283,100000,0.149584539817,0.192761592942,0.274666586053
1.23383696944,1.18229036623,1.0908458843,1.1238705097,1.16423216123
0.391065823382,0.281521189455,100000,0.353211691971,0.449896961843
1.37718424283,100000,100000,100000,1.26881134198
1.21057150518,100000,100000,1.06227871086,100000
1.57998746791,100000,100000,100000,100000
100000,100000,100000,100000,100000
100000,100000,100000,100000,100000
0.521209330473,100000,0.224113081073,100000,100000
0.890761124834,100000,100000,100000,100000
1.4259069151,1.12991122353,100000,1.38244872508,1.35057746727
1.26993341056,100000,100000,100000,100000
0.166882770455,0.0314621294555,-0.00505120836306,0.128937682362,0.0692735517144
1.23383696944,1.18229036623,1.0908458843,1.1238705097,1.16423216123
1.2710389907,1.24560130892,100000,1.39334743965,1.32981359939
0.194922137047,0.150413670681,0.211949787232,0.245404362025,0.326352886334
1.23223668573,1.15619880427,0.880365276665,100000,100000
0.613936523584,0.72488731057,0.495923189431,0.682974918365,0.632282282876
1.08933867355,100000,100000,100000,100000
0.379155057817,0.395695846184,100000,0.361018193929,0.355549145726
0.155116112638,0.218571580545,0.305267817486,0.251753867102,0.198571216606
0.648580937064,0.687289902143,0.486788908908,0.70716145576,0.652075127472
1.17387910342,1.25891491121,1.07063301546,1.0944783394,1.19677798554
100000,100000,0.321935884806,100000,100000
1.24547848451,1.26100254575,100000,100000,1.15401088818
0.379493422036,0.471976915646,0.280501404087,0.258339633289,0.345310692299
10000,10000,10000,10000,10000
10000,10000,10000,10000,10000
0.436718127067,0.378317465675,100000,100000,0.573015212624
0.466467639845,0.710284205461,0.396001229382,0.559333262368,0.522083469095
0.8301782905,0.910290942427,0.649555471197,0.832522265606,0.915727814297
0.964998445114,100000,0.624415924077,0.772641157621,0.850394977851
0.62868948933,0.725444054198,0.564835644084,0.670143699396,0.697909631953
0.559318563795,0.498992028727,0.412722291903,0.580023607705,0.548045839833
0.500139601961,0.686670708022,0.398861954447,0.622847007823,0.587845485163
0.74476678526,100000,0.423270545948,100000,0.657558891635
0.824456600412,100000,0.343413125424,0.465487798395,100000
1.15781897043,100000,100000,1.01169576933,1.17519012105
0.119346783064,0.228344877737,0.386304713093,0.194629382936,0.415048637473
1.07369190528,100000,100000,1.12152872521,100000
1.30201966686,100000,100000,100000,1.32259540798
100000,100000,100000,100000,100000
0.727517271288,100000,100000,100000,100000
0.883996599507,100000,0.418488305717,100000,0.788503376527
0.156801202092,0.105248412957,0.212490460157,0.117209837404,0.100973660964
1.23383696944,1.18229036623,1.0908458843,1.1238705097,1.16423216123
1.3338440344,1.18319178124,100000,100000,1.29493389877
1.19683472482,1.17563453947,100000,1.14978996235,1.17453662917
0.481379820894,100000,100000,100000,0.449896961843
0.655311161402,100000,100000,100000,100000
0.392217284709,0.53136547308,0.582203404252,0.449549720988,0.449682547261
0.336067434329,0.364568625241,100000,0.358514851477,0.437739365485
0.9336372731,100000,100000,100000,100000
0.665768572486,0.915358676143,0.628493673903,0.811340750698,0.942456876787
1.04664126528,100000,100000,1.20874961749,1.17800639019
1.23383696944,1.18229036623,1.0908458843,1.1238705097,1.16423216123
1.04664126528,100000,100000,1.20874961749,1.17800639019
0.778500948813,0.60116667206,0.368944058697,0.566407706118,0.516425695279
0.419109774019,0.690638856881,0.455627822083,0.643294423873,0.662644372583
0.437395260686,0.422142493763,0.247366914254,0.415970310145,0.251872375889
100000,100000,100000,100000,100000
1.23438708521,1.31616005721,0.872071072246,1.03207560267,1.01783299171
1.03514986595,100000,100000,100000,1.07463363786
0.479350396927,100000,0.492663054831,0.427121596447,0.588503868468
1.4150370093,1.23071837733,100000,1.22888763104,1.20139879263
0.533793339627,100000,0.255614551574,0.454949669408,0.516996774163
