1.15805552038,1.16124374678,1.15667016329,1.12792378266,1.1870417065
100000,100000,100000,100000,100000
100000,0.501230153915,0.536321065708,0.693746407674,0.928136272054
10000,10000,10000,10000,10000
0.23873976884,0.213932154591,0.288132108125,0.278947368515,0.29395994867
1.03575855395,1.15710762378,1.10146987697,1.14438780327,1.09921733089
1.15805552038,1.16124374678,1.15667016329,1.12792378266,1.1870417065
0.135076824415,0.251885746189,0.190186122841,100000,0.218914989523
1.15805552038,1.16124374678,1.15667016329,1.12792378266,1.1870417065
0.161965442003,0.184800935383,0.13212898397,0.242950888112,0.118961167065
100000,0.152526144075,0.126123752407,0.146217594611,100000
10000,10000,10000,10000,10000
100000,0.408630291455,0.395586205866,100000,0.463590395541
10000,10000,10000,10000,10000
100000,0.423323368819,0.491535436494,100000,0.851646615646
100000,0.298882490675,0.55987850406,0.527589786483,0.855469150963
1.00552380562,1.05092663313,1.06740850111,1.14827214312,1.02615434256
100000,0.456746309123,100000,100000,0.428415983794
100000,1.43198797819,100000,100000,1.56601409862
100000,0.28392355501,0.421538035549,100000,0.791343033205
100000,0.147314292706,0.1291713653,0.39269911183,0.552358996594
100000,0.357487208592,0.485359863079,0.537517502201,0.693842617781
10000,10000,10000,10000,10000
100000,0.211649837498,0.213131249032,0.274660962035,100000
0.455209277882,0.380766071692,0.436334612732,100000,0.510819962836
10000,10000,10000,10000,10000
1.03966457142,1.08839808587,1.07873580307,0.982291832712,1.01738228605
100000,1.18923664987,1.12340416504,100000,1.23053815001
10000,10000,10000,10000,10000
0.245404362025,0.288060969612,100000,0.286734385904,0.21113023456
10000,10000,10000,10000,10000
0.232776195483,0.384899070648,100000,100000,0.324540231651
100000,0.179848224046,0.208803413487,0.285880586327,100000
100000,0.491909558537,0.619215587997,0.575075088112,0.841746632511
10000,10000,10000,10000,10000
1.15805552038,1.16124374678,1.15667016329,1.12792378266,1.1870417065
100000,0.207548731123,0.266381261417,0.543855989524,100000
1.16490243846,1.22253238542,1.2469587146,1.1832700183,1.2225257371
1.03755401519,1.05288144255,1.14173644113,1.18178398382,1.13489526204
100000,1.18164708963,1.05193496512,100000,1.08908216824
0.123353737005,0.171083192225,0.249854239972,0.296131943995,0.172815209374
1.00552380562,1.05092663313,1.06740850111,1.14827214312,1.02615434256
100000,1.18923664987,1.12340416504,100000,1.23053815001
0.516196369705,0.259104626275,0.477906016321,0.43033551464,0.22969213019
0.257238366985,0.539080312855,0.367324170061,100000,0.312734464347
100000,1.43198797819,100000,100000,1.56601409862
100000,0.28392355501,0.421538035549,100000,0.791343033205
100000,0.147314292706,0.1291713653,0.39269911183,0.552358996594
100000,0.357487208592,0.485359863079,0.537517502201,0.693842617781
0.405577018026,0.316424096792,0.214979913719,100000,0.30706540284
0.988253539907,1.0470231754,1.07508689545,1.19092085274,1.0078025983
0.657147851353,0.19184556862,0.381270944498,0.412884777096,0.402000557592
100000,0.271743045318,0.381944335213,0.484502229059,0.615472373105
1.15805552038,1.16124374678,1.15667016329,1.12792378266,1.1870417065
100000,0.296430410625,0.452343616723,100000,0.822341340705
100000,0.281473868361,0.407159774048,0.400150051994,0.742858820257
0.586099323768,0.444430438405,0.660278337413,100000,0.4810684608
100000,0.248915086117,0.34615338049,0.503631548929,0.617130223514
100000,0.207548731123,0.266381261417,0.543855989524,100000
100000,0.48977921954,0.59740675823,0.668634627899,0.893273830416
100000,0.407323912591,0.539235598963,0.657749804648,0.913147709258
100000,0.255598992068,0.30730682619,100000,100000
100000,0.451757585902,0.599514240704,0.653013659726,100000
100000,0.247324485436,0.347601225164,100000,100000
0.247248738813,0.329060069089,100000,100000,0.399376054667
100000,0.543311345908,0.689064127889,0.498962022083,0.923413959965
100000,0.396244580087,0.50592796978,100000,0.835218119288
0.123353737005,0.171083192225,0.249854239972,0.296131943995,0.172815209374
100000,0.298882490675,0.55987850406,0.527589786483,0.855469150963
1.00552380562,1.05092663313,1.06740850111,1.14827214312,1.02615434256
0.516196369705,0.259104626275,0.477906016321,0.43033551464,0.22969213019
0.257238366985,0.539080312855,0.367324170061,100000,0.312734464347
100000,1.43198797819,100000,100000,1.56601409862
100000,0.28392355501,0.421538035549,100000,0.791343033205
100000,0.147314292706,0.1291713653,0.39269911183,0.552358996594
100000,0.357487208592,0.485359863079,0.537517502201,0.693842617781
100000,0.265385848719,0.232624803727,0.275711292139,0.238385035327
1.15805552038,1.16124374678,1.15667016329,1.12792378266,1.1870417065
0.0406488867251,0.221602628959,0.06460900157,0.309910952079,0.0725404799576
0.950498675961,0.90071968941,1.03255362884,0.873030479413,1.09465577856
1.01160414224,1.18803519673,1.05706164271,1.13866285578,0.974319772991
0.878463975138,1.36226879637,0.989645798007,100000,0.861011514259
0.42359773759,0.329625969826,0.477209917441,100000,0.347978198117
0.0773193324115,0.187921272331,0.126320443939,0.301900572155,0.0595850264738
10000,10000,10000,10000,10000
100000,0.624138702144,0.519820418478,100000,100000
100000,1.07931320776,0.979746180355,0.94542308826,0.996007239768
100000,1.01603623846,1.0536335101,100000,0.994165190546
0.174692679428,0.252228434269,0.320248496014,100000,0.232142599687
100000,0.966078181518,0.709932945559,100000,0.922286575982
1.06705476554,1.19643034275,1.09848319667,100000,1.14909804655
0.233405322301,0.290872892286,0.478222529941,0.585115140405,0.313929338282
0.717134598494,0.459708338533,0.512155090742,0.593353942813,0.677331765056
100000,1.01311271095,0.987158265967,0.891588955476,0.813033673028
0.123353737005,0.171083192225,0.249854239972,0.296131943995,0.172815209374
100000,0.298882490675,0.55987850406,0.527589786483,0.855469150963
1.00552380562,1.05092663313,1.06740850111,1.14827214312,1.02615434256
100000,1.18923664987,1.12340416504,100000,1.23053815001
0.516196369705,0.259104626275,0.477906016321,0.43033551464,0.22969213019
0.257238366985,0.539080312855,0.367324170061,100000,0.312734464347
0.445359342332,0.295700716776,0.390553872971,0.52667831598,0.21728614257
100000,1.43198797819,100000,100000,1.56601409862
100000,0.28392355501,0.421538035549,100000,0.791343033205
100000,0.234582213214,0.171867610885,100000,0.467727334064
100000,0.147314292706,0.1291713653,0.39269911183,0.552358996594
100000,0.357487208592,0.485359863079,0.537517502201,0.693842617781
0.278987071425,100000,100000,100000,0.524661182442
1.15805552038,1.16124374678,1.15667016329,1.12792378266,1.1870417065
1.1279062804,1.14902463046,1.04236702323,1.24079803509,1.11324184859
100000,0.528163830737,100000,100000,0.55572688808
0.795696974561,0.471856922698,0.510220932318,0.650350217423,0.559223810244
0.0423591954443,0.243008791628,0.105445688655,0.228635178662,0.0848594959605
100000,0.162782562093,0.26723143115,0.4892091432,0.603222848302
100000,1.12149571674,100000,100000,1.26691084485
100000,0.183463845975,0.224153535645,0.523289849069,0.623719333746
100000,0.423323368819,0.491535436494,100000,0.851646615646
100000,0.550783158006,0.676401400318,100000,0.5804930392
1.03966457142,1.08839808587,1.07873580307,0.982291832712,1.01738228605
1.00552380562,1.05092663313,1.06740850111,1.14827214312,1.02615434256
100000,1.18923664987,1.12340416504,100000,1.23053815001
0.221495595881,0.229992154848,0.193140375481,0.381072788159,0.102970832464
0.445359342332,0.295700716776,0.390553872971,0.52667831598,0.21728614257
100000,0.28392355501,0.421538035549,100000,0.791343033205
100000,0.147314292706,0.1291713653,0.39269911183,0.552358996594
100000,0.357487208592,0.485359863079,0.537517502201,0.693842617781
100000,100000,100000,100000,100000
100000,0.317563846498,0.375902481796,0.623767407401,0.629327078829
1.15805552038,1.16124374678,1.15667016329,1.12792378266,1.1870417065
100000,0.207548731123,0.266381261417,0.543855989524,100000
10000,10000,10000,10000,10000
100000,0.361194070128,0.466977438096,0.59765406223,0.718286753334
100000,0.428265465877,0.492304013613,100000,0.768343555418
10000,10000,10000,10000,10000
10000,10000,10000,10000,10000
100000,0.212684686348,0.383633180488,0.557986400716,0.628066765901
100000,0.501211293042,0.591020988154,100000,0.957743770696
0.221495595881,0.229992154848,0.193140375481,0.381072788159,0.102970832464
0.445359342332,0.295700716776,0.390553872971,0.52667831598,0.21728614257
100000,0.28392355501,0.421538035549,100000,0.791343033205
100000,0.147314292706,0.1291713653,0.39269911183,0.552358996594
100000,0.357487208592,0.485359863079,0.537517502201,0.693842617781
100000,100000,100000,100000,100000
100000,0.183463845975,0.224153535645,0.523289849069,0.623719333746
100000,0.423323368819,0.491535436494,100000,0.851646615646
100000,0.550783158006,0.676401400318,100000,0.5804930392
1.03966457142,1.08839808587,1.07873580307,0.982291832712,1.01738228605
1.00552380562,1.05092663313,1.06740850111,1.14827214312,1.02615434256
100000,0.169028337625,0.247646684831,0.302408150661,0.523144416498
100000,1.18923664987,1.12340416504,100000,1.23053815001
100000,0.773030006608,0.720695731146,0.964287433196,1.12081409442
1.15805552038,1.16124374678,1.15667016329,1.12792378266,1.1870417065
0.187872971927,0.19719626586,0.206583008019,100000,0.251765014604
100000,0.514527093402,0.515281949216,0.554541055927,0.691503390218
-0.231121133501,0.216857863703,0.192881087454,0.309910952079,0.138861306293
100000,0.799054892961,0.731394042344,100000,100000
0.160493338296,0.277293086467,0.387545115256,100000,0.253147926777
100000,0.232265311774,0.310087013951,0.350669016759,0.626090578496
100000,0.488236741159,100000,100000,0.54989179339
100000,0.477571030775,0.556460546888,0.544689212084,0.772425604757
100000,1.28518179958,100000,100000,1.32981541921
100000,0.183463845975,0.224153535645,0.523289849069,0.623719333746
0.97999629797,1.11743965405,1.16940676165,1.02532828441,1.28985052661
100000,1.02647325203,1.049952208,100000,1.15800680389
0.364870427235,0.250098505682,0.411049849907,0.426495316756,0.089815393443
1.00552380562,1.05092663313,1.06740850111,1.14827214312,1.02615434256
100000,1.18923664987,1.12340416504,100000,1.23053815001
0.221495595881,0.229992154848,0.193140375481,0.381072788159,0.102970832464
0.445359342332,0.295700716776,0.390553872971,0.52667831598,0.21728614257
100000,0.28392355501,0.421538035549,100000,0.791343033205
100000,0.147314292706,0.1291713653,0.39269911183,0.552358996594
100000,0.357487208592,0.485359863079,0.537517502201,0.693842617781
100000,100000,100000,100000,100000
0.329881716695,0.255028960889,0.406316989855,0.456010166789,0.101563713317
1.15805552038,1.16124374678,1.15667016329,1.12792378266,1.1870417065
0.257238366985,0.539080312855,0.367324170061,100000,0.312734464347
0.123353737005,0.171083192225,0.249854239972,0.296131943995,0.172815209374
1.15805552038,1.16124374678,1.15667016329,1.12792378266,1.1870417065
0.365829725152,0.292836602168,0.270264521116,100000,0.240975318715
0.114226594425,0.27007680702,0.272622668194,100000,0.209087886297
-0.111938074249,0.0367717288373,0.0819073733752,0.104882044927,100000
0.691136571905,0.421436012709,0.505986840667,0.606164140022,0.690100459563
-0.051116697593,0.122943619019,0.126550983415,0.212463525652,0.101452032196
100000,0.349219560275,0.461528042338,0.489346078264,0.847942454786
1.15805552038,1.16124374678,1.15667016329,1.12792378266,1.1870417065
0.181317588804,0.265415886078,0.33239335103,0.22052082724,0.261637620835
10000,10000,10000,10000,10000
100000,0.252885381027,0.488883231713,0.393315562952,0.805699292029
100000,100000,100000,100000,100000
10000,10000,10000,10000,10000
100000,0.510321673808,100000,100000,100000
0.195528037506,0.302810264061,0.324950172935,100000,0.26988145974
100000,0.34865461448,0.347559724094,0.199107891127,0.381188664563
100000,0.192231403863,0.340017080188,0.326096599156,0.620637534908
0.5962907207,0.272436410351,0.368152106766,0.563155670435,0.697529577929
100000,0.207218344273,0.317346054012,0.394535601377,0.514541323711
0.22898287182,0.328006714185,100000,100000,100000
0.690384419682,0.387510133848,0.625958416084,0.540166187703,0.766146333638
100000,0.252885381027,0.488883231713,0.393315562952,0.805699292029
100000,0.344873242675,100000,100000,100000
0.192590763259,0.212882854096,0.189085528844,0.202258543655,0.221850912034
0.434155093595,0.179692628944,0.275119021053,0.358002420262,0.409123726372
100000,0.219922396999,0.402905046494,0.495619847123,0.737373086371
100000,0.143948313531,0.0866592215146,0.147317582505,0.360822514819
0.487655218643,0.214288199865,0.319010221111,0.400474126884,0.46323295843
0.163331727893,0.228153480267,0.294365883308,0.241170432334,0.176878178562
1.01891967393,1.16572416743,1.08249980269,100000,1.11567727989
0.164644644494,0.274248172557,0.273108073153,100000,0.353360282867
100000,0.607951383808,0.724865182879,100000,100000
100000,0.252885381027,0.488883231713,0.393315562952,0.805699292029
100000,0.436357677327,0.280934744352,100000,0.354641586897
0.745603645471,0.436979095699,0.536362656965,0.609636701182,0.830113926212
0.579291721157,0.269233817151,0.420887436691,0.444398680705,0.506810681532
100000,0.178571287063,0.199985313631,0.221247118161,0.483537848177
0.233341700017,0.0559490356865,0.195327626422,0.336388592123,-0.0848926980457
1.15805552038,1.16124374678,1.15667016329,1.12792378266,1.1870417065
0.667461651893,0.417612929834,0.404788811426,0.551700740596,0.456357368208
100000,0.278877736738,100000,100000,0.392277076711
0.366182249775,0.444282891491,0.212542388188,100000,-0.0353356412016
0.0175587412411,0.102651075946,0.0442119050175,0.127857621861,0.057550419581
0.669120182738,0.681045054505,0.650184462868,100000,0.590593871595
0.454935519138,-0.000156332909655,0.154519708325,0.215779195106,0.24925699615
0.404515520771,0.254840372021,0.352090404078,0.442774100276,0.218400374649
0.617384430381,0.351970293986,0.475248181355,0.513114958514,0.436559025556
0.23963626457,0.3940838692,0.247954276775,100000,0.118227332377
100000,0.959515223115,0.770044258232,100000,0.992838631144
0.58225750458,0.23374253706,0.367893928439,0.429255385752,0.274106236003
100000,0.348411857195,0.474048024608,0.514476769288,0.482138173677
0.320519601967,0.381300997279,0.488644813181,0.520573434727,0.177036915726
0.324114270188,0.286781794729,0.204341940994,0.399824773703,0.145833536243
0.857342726959,0.677284873761,0.597813514826,0.765247906417,0.591889249794
0.719974051861,0.23774396772,0.386670359188,0.43235984448,0.300146932144
1.06516253963,1.13629642443,1.06239567617,1.17515193805,1.14908250781
100000,0.181490468669,0.257698826527,0.372156894583,0.314271182395
100000,0.252611171102,0.26723143115,0.449882296823,0.591338313476
100000,0.538954402536,0.583702441176,0.647558298314,0.494251270302
0.712416594124,0.30843633887,0.440441946763,0.485170650391,0.49099302357
0.632342250442,0.304377655063,0.43870904957,0.481656916917,0.579796022643
100000,0.114967974281,0.288006906754,0.340729571113,0.433456781092
100000,0.0506870135086,0.238143390639,0.29245199047,0.48722337221
0.717257374534,0.53230032709,0.593727144286,0.660243841628,0.68831291077
0.754352182323,0.451246367881,0.68082544185,0.618789921761,0.927115261288
0.597387221538,0.356731952553,0.464019813247,0.528785226331,0.49088908872
100000,0.305858112451,0.46778318564,0.47353103964,100000
0.173532524529,0.0277744529318,0.112708220493,0.235448298611,0.0395734946774
0.332410603936,0.323527209088,0.260921902026,100000,0.185729419832
0.656853334626,0.367502940166,0.532742897825,0.53028423021,0.348862020721
100000,1.05132688583,100000,100000,1.0035448525
100000,0.922506625074,0.725803932575,100000,0.954544745925
0.984429976104,0.834926161828,0.747902098126,0.888984567831,0.984365591281
0.883724620968,1.07760527562,1.09919442851,0.924603339204,0.965611210315
100000,0.484041933252,0.540264191165,100000,0.746807051162
100000,0.808603274137,0.752554359928,100000,0.836685597574
100000,0.955193998616,0.983758385381,0.913631618972,0.816776436441
1.1075277902,1.22641767034,1.14407864501,1.07284100321,1.15708447007
0.195528037506,0.249653071297,0.230611810504,0.255070910195,0.291163269615
100000,100000,100000,100000,0.454689640674
0.194043488797,0.199323660014,0.337745023325,0.421296849715,0.122856219852
0.193849295061,0.266769477267,0.315015858029,0.463016655322,0.270534590836
0.477793895882,0.371277536322,0.449766850115,0.528401490863,0.33628117174
100000,100000,100000,100000,100000
-0.00107801241816,0.0127619166984,0.0299605019015,0.239712728108,100000
0.775375161646,0.393749442244,0.351968546973,0.56837052097,0.520180217411
100000,0.829280696679,0.821029613055,100000,0.896225202083
0.897209565474,0.580788097574,0.703457077091,0.746241026126,0.854598254131
0.74343498815,0.3514892699,0.512120844199,0.563881175456,0.57992033776
100000,0.0462163483181,0.283526361897,0.297554164984,0.592563941584
0.237209298279,0.246692549428,0.220802188021,0.273382145996,0.176979858932
-0.0210411684334,0.0616693704602,0.0570921323059,0.174860285621,0.0166751531627
1.15805552038,1.16124374678,1.15667016329,1.12792378266,1.1870417065
0.408264586642,0.226167511039,0.381963018182,0.372923615827,0.121274250426
100000,1.36933349262,1.09893763871,100000,1.33259564458
100000,0.97262529946,100000,100000,100000
100000,1.02683976757,100000,100000,100000
100000,100000,100000,100000,100000
100000,0.440731279039,0.581573474479,0.659084283994,0.929324013363
100000,0.504605592361,0.493717957755,100000,0.737096583693
0.807920743075,0.933767535817,0.975552654185,100000,1.17351208824
100000,0.173767634271,0.305037898348,0.423297144595,100000
0.923313084316,0.773278473604,0.953745754422,0.856284350787,1.02460597923
1.15805552038,1.16124374678,1.15667016329,1.12792378266,1.1870417065
100000,0.387861377419,0.50111676112,0.669967519408,0.672263038045
1.15805552038,1.16124374678,1.15667016329,1.12792378266,1.1870417065
1.06516253963,1.13629642443,1.06239567617,1.17515193805,1.14908250781
100000,0.345870772528,0.44470598374,100000,0.833625918668
100000,0.383157971528,0.512291886952,100000,0.754539658549
0.590702359997,0.237215533269,0.410038029755,0.430562548917,0.517082261451
100000,0.505945156025,0.63159587949,0.817747266061,0.966682627156
100000,0.32434876237,0.438901869338,100000,0.886825107203
0.568927864077,0.798636611975,0.771690219894,100000,0.696195834235
100000,0.609023045669,0.661864174322,100000,1.09839261622
100000,0.350132245573,0.454381579738,0.592447755322,100000
100000,0.716859895704,0.699974231809,0.903265774973,1.10164597378
1.15805552038,1.16124374678,1.15667016329,1.12792378266,1.1870417065
100000,0.480913004213,0.558509567506,0.518696468517,0.76482051536
1.1075277902,1.22641767034,1.14407864501,1.07284100321,1.15708447007
0.737825763309,0.40022964816,0.441932547227,0.540781183898,0.565934461259
100000,0.125900656427,0.292968510045,0.478058608566,100000
100000,1.17074528379,1.06103537667,100000,1.35369759365
100000,1.06534902627,1.18187112982,100000,1.21666277715
100000,1.06607718486,1.08016368564,100000,1.21351437709
0.0808008908378,0.168566647778,0.0481052255011,100000,0.0693459232352
100000,0.381274952527,0.593076919332,100000,0.428298656339
100000,0.327062800966,0.485379478545,100000,0.642051552477
100000,0.330937939486,0.278710004117,0.339106922438,100000
100000,0.322621216262,0.540117934398,0.40130532742,100000
0.0547496498226,0.260339802211,0.142106813802,100000,0.157296593694
0.232877756129,0.386970257982,0.342269628319,100000,0.368230573784
100000,0.715248768481,0.914597233754,100000,100000
100000,0.51428043883,0.296175524157,100000,100000
100000,0.298205664521,0.386931404298,100000,0.880190159327
100000,0.201272062626,0.383525446644,0.452421528031,0.669011015872
100000,0.309017589017,0.394802775358,0.57123207748,0.646620192798
100000,0.48732136253,0.336992915454,100000,0.487134079892
0.888188113878,0.720584309172,0.718040287385,0.698098891392,0.987910305558
0.0599340435994,0.214438182874,0.218218194588,100000,0.152738443392
0.568927864077,0.798636611975,0.771690219894,100000,0.696195834235
100000,0.60980590201,100000,100000,100000
100000,0.213374026009,0.207244353692,100000,100000
100000,0.268785067782,0.225736591792,100000,100000
1.1075277902,1.22641767034,1.14407864501,1.07284100321,1.15708447007
100000,0.309017589017,0.394802775358,0.57123207748,0.646620192798
100000,0.48732136253,0.336992915454,100000,0.487134079892
0.235551333716,0.303815219952,0.240483454988,100000,0.355148617186
100000,0.45808083736,100000,100000,100000
100000,0.134738648815,0.413709190797,0.213761561808,0.714614073718
100000,0.415535614871,0.545825774959,0.487370052136,0.738732925426
100000,0.437368355157,0.577564041469,0.685724056238,0.986969266874
100000,0.328332869792,0.575963749283,0.549539930872,0.902181150286
0.152759430613,0.220133244891,0.246267849747,100000,0.232994708796
100000,1.20180062745,1.04562171946,100000,1.06062679349
100000,0.541787795158,0.666647620375,0.793657538131,0.865183908592
1.05694169769,1.06036619851,1.16357790425,1.08063278571,1.1437679995
0.415862115103,0.313149307859,0.436758856663,0.515363408733,0.317251616403
100000,100000,100000,100000,100000
100000,0.422852092523,100000,100000,100000
100000,1.43198797819,100000,100000,1.56601409862
100000,0.10033784937,0.178262058515,0.189375400157,0.675849150418
100000,100000,100000,100000,1.18163560751
0.245404362025,0.313530663085,0.350425773056,100000,0.298347414524
100000,1.30693258981,1.15248092597,100000,1.16940992802
100000,0.261486489877,0.449975601886,0.574852665624,100000
100000,0.297312028664,0.444606489037,0.600377028464,0.699894796982
1.07520464291,1.19916096833,100000,1.12494071068,1.27013498377
100000,0.451343539311,0.517721931225,100000,0.756771107325
100000,0.283317142453,0.374006016093,0.52384531918,100000
100000,0.329201407559,0.370267761578,0.66251627581,0.533280092976
0.630260595505,0.319162443862,0.422866521879,0.441743531414,0.534149974402
100000,0.51428043883,0.296175524157,100000,100000
0.226730079913,0.336679765004,0.324037786944,100000,0.227069348979
1.14223784134,1.27756551702,1.22142559778,100000,1.20170905601
100000,1.28493226682,1.03120272659,100000,1.32955722032
1.12990930962,1.29407019089,1.23467117121,100000,1.1453317984
1.07843994909,1.11412911832,1.13501355409,1.03209015603,1.09151384576
100000,1.22767900035,0.985254993768,100000,1.05241873332
100000,100000,100000,100000,100000
100000,0.212640858078,0.352336245147,0.396286886883,0.390030241722
0.877949401565,1.03996157687,1.06898405416,0.932064163684,0.938053310597
0.616619336114,0.289946442291,0.487416727724,0.495811080835,0.558469058731
0.774730693855,0.481647219374,0.540173882885,0.628414093102,0.686177545892
100000,0.0968260224993,0.183540133013,0.216120783984,0.332948567563
100000,0.134813899701,0.415069145955,0.336460275714,0.528440462627
100000,0.189295199339,0.282672594327,0.468496632489,0.738577827065
1.06107796854,1.1472106988,1.13993152136,1.1904252079,1.20253847871
100000,1.41262394473,100000,100000,1.46168355626
100000,0.440183670466,0.540362505679,0.787243611376,0.692114190543
100000,0.843594236738,0.896524735543,100000,100000
1.17709007484,1.12414608024,1.39144549473,1.29225693926,1.39321932237
100000,0.223541295959,0.26723143115,100000,100000
0.360839080046,0.351910541748,0.459291783723,100000,0.370927089247
0.193861069827,0.0918169011976,0.270744722591,0.359781928866,0.148106696222
0.532451979978,0.489491606672,0.534462862301,100000,0.511311780484
100000,0.317290482036,0.474206680608,0.518449935082,0.535169956785
1.1279062804,1.14902463046,1.04236702323,1.24079803509,1.11324184859
100000,1.06534902627,1.18187112982,100000,1.21666277715
100000,1.15716607382,1.15765349249,1.07513069294,1.35899072998
100000,0.49999833923,0.506587715118,0.651051022211,0.903847854215
100000,0.271139697126,0.359764011059,0.414383031579,0.67832432129
0.22560624459,0.244915750983,0.249233006405,0.280789148511,0.190475253604
100000,0.402156977792,0.435967347374,0.600546358237,0.883041549649
100000,1.17074528379,1.06103537667,100000,1.35369759365
1.13520577547,1.2676942036,1.17525966392,1.24843518513,1.20813843756
100000,1.2301654832,100000,100000,1.10430040355
100000,0.234642718641,0.308099814262,0.418965070967,0.527913644421
0.649275787051,0.331060597795,0.493221484026,0.497155980565,0.572832837429
0.440181037027,0.416005115905,0.495892063858,100000,0.422361852542
100000,0.268155202976,0.377341612864,100000,100000
100000,0.249347714231,0.405537765993,0.472864709266,0.718112591417
100000,0.44442670517,0.37536743434,100000,100000
100000,-0.000137360764553,0.157654983491,0.157614483804,0.297163181518
100000,0.689616977022,0.725344455302,100000,100000
1.15805552038,1.16124374678,1.15667016329,1.12792378266,1.1870417065
1.1075277902,1.22641767034,1.14407864501,1.07284100321,1.15708447007
0.195161630305,0.298667505348,0.357772396586,0.292745729099,0.293932075137
100000,1.16063583443,1.10045101832,100000,1.33454688533
100000,1.0275367491,100000,100000,100000
100000,0.292316528588,0.262247277044,100000,100000
1.06516253963,1.13629642443,1.06239567617,1.17515193805,1.14908250781
100000,0.291895104586,100000,100000,0.364554834192
0.0489142358212,0.283054267472,100000,100000,0.335868232334
0.336520605752,0.284418072834,0.351977512419,0.255851624256,0.242315460258
100000,0.27756749235,0.297548097368,0.600561735634,0.665166050197
100000,0.194661852004,0.271493062236,0.290843178621,0.602160809513
10000,10000,10000,10000,10000
100000,0.298967818925,0.226171808361,100000,100000
100000,0.287880358931,0.215479374618,100000,100000
100000,0.271000418214,0.202844684697,100000,100000
100000,0.275845589747,0.206471311174,100000,100000
0.540870821192,0.74355754533,0.727487357869,100000,0.720072035005
0.133185884021,0.207159601116,0.165587842782,0.195297893894,0.268340604968
0.395053838265,0.345060651392,0.379675076519,100000,0.351086697886
100000,0.340934322188,0.42092964875,0.389164445559,0.378239276442
0.481896491991,0.413954194937,0.515752737152,0.564905575668,0.40294379746
0.164554004703,0.122193549564,0.306852266418,0.204713809551,0.197934222055
0.109726493685,0.253559640439,0.275899388815,100000,0.307476072513
0.999965384391,1.04042202769,1.25728152794,1.1069389382,1.0149875344
0.655974560098,0.435771734808,0.497068744174,0.572504437484,0.654043922431
100000,100000,100000,100000,100000
0.032725076281,0.201019055305,0.153144249118,0.197113563041,0.0755232604773
0.127294509978,0.270151229415,0.281833037143,0.305592449932,0.242335970636
1.14894016337,1.12042782782,1.07717244656,0.964869035424,1.08765402063
100000,100000,100000,100000,1.16811096035
100000,0.676439123533,0.806323955788,0.845081038891,0.881608500895
100000,0.293763618487,0.307732655221,100000,0.763219146478
1.13520577547,1.2676942036,1.17525966392,1.24843518513,1.20813843756
100000,100000,100000,100000,100000
100000,0.317179801005,0.347559724094,100000,0.312310475046
0.979370755819,1.05652480287,100000,100000,1.12035390658
0.950498675961,0.90071968941,1.03255362884,0.873030479413,1.09465577856
100000,0.388338847524,0.515456999426,0.542303035674,0.580298470731
100000,1.16130512702,1.050149476,100000,1.35398577043
100000,100000,0.760188567181,100000,100000
100000,0.393736121164,0.35904809893,100000,100000
1.14660679794,1.30810208472,1.29172582105,100000,1.35353171258
100000,0.383157971528,0.51984159279,0.617723815179,0.795458231032
1.03966457142,1.08839808587,1.07873580307,0.982291832712,1.01738228605
100000,1.04266595858,100000,100000,100000
100000,100000,100000,100000,100000
100000,0.472117655935,0.432938586501,100000,100000
0.316670568947,0.252725690787,0.373946375895,0.488272264292,0.195928020953
100000,0.487816284005,100000,100000,100000
0.759682713714,0.486890656024,0.392812150033,0.653841103054,0.727542559036
1.15805552038,1.16124374678,1.15667016329,1.12792378266,1.1870417065
0.730837095581,0.350198393606,0.477783996938,0.527425647021,0.703472569888
100000,0.957892405994,1.13959549918,100000,1.04046828779
100000,0.760179528565,100000,100000,1.14465495592
100000,0.360384094726,100000,100000,100000
100000,0.715104144286,0.660321318034,100000,0.935663920725
0.782383934383,0.950313606766,1.17714834923,0.845053906886,0.868044623555
100000,0.996477610926,1.10140980843,100000,0.974549353387
0.911698159645,1.02156564745,0.961707915871,100000,1.23995570455
100000,0.298210898443,0.450837592146,0.465914501963,0.714879790592
0.232776195483,0.324696360156,100000,0.169062220561,0.245071649621
100000,0.381895119216,0.550463131858,0.535044290278,0.777782001221
100000,0.52292056407,0.609709503687,100000,100000
100000,0.426385720394,0.563070730101,0.603197124172,0.837412749158
100000,0.342700380606,0.629788989595,100000,100000
100000,1.31863084867,1.22724749909,100000,1.17709177155
100000,0.30140237366,0.520411509751,100000,100000
100000,1.00189982642,0.804059372974,100000,0.987386393905
100000,0.396244580087,0.50592796978,100000,0.835218119288
0.169805646142,0.176283260399,0.167139752804,0.150120126323,0.142522035979
0.608030401298,0.279212703091,0.446755921576,0.526417540929,0.417566411723
100000,0.2222892536,0.236537274645,0.376629191887,100000
0.343445517757,0.164889513254,0.33873175203,0.386501129009,0.167898543479
100000,0.278925965526,0.365380743107,0.460770446535,100000
100000,1.19617287258,100000,100000,1.13124903238
0.575061097825,0.252162980424,0.289848848215,0.460679388997,0.43906247613
0.980192634722,0.972359989049,1.10424963305,100000,1.01850733741
100000,0.676439123533,0.806323955788,0.845081038891,0.881608500895
100000,0.265164073609,0.261513258008,100000,0.350724120269
0.58225750458,0.23374253706,0.367893928439,0.429255385752,0.274106236003
100000,0.186720772162,0.199985313631,0.342682820691,0.456072233
100000,1.20180062745,1.04562171946,100000,1.06062679349
100000,0.207119582689,0.384471052696,100000,0.588767668419
100000,0.534772746394,100000,100000,100000
100000,0.829280696679,0.821029613055,100000,0.896225202083
100000,1.18923664987,1.12340416504,100000,1.23053815001
0.366182249775,0.444282891491,0.212542388188,100000,-0.0353356412016
100000,0.567643025016,0.627035988119,0.671831949258,0.581951135418
100000,1.31785982979,100000,100000,1.04269113513
100000,0.134843730277,0.107830341446,0.129266533348,0.516001687941
0.191020041202,0.242912006103,0.318818458607,0.307788625841,0.135501357785
100000,0.167822206773,0.134868607022,100000,100000
100000,0.416047846201,0.205735185974,100000,0.668326421578
100000,1.18923664987,1.12340416504,100000,1.23053815001
0.194166633942,0.137959565056,0.0919987546515,0.360101627553,0.0470192529363
0.0909780362084,0.101103341786,0.104125637755,0.169407476091,0.198887965399
0.717257374534,0.53230032709,0.593727144286,0.660243841628,0.68831291077
0.56355095308,0.173181413668,0.265890352111,0.528901449438,0.489179478778
0.713706492494,0.346091499378,0.446041744145,0.532777519745,0.72950980858
-0.0397411501649,0.183910943227,0.138344720532,0.275711292139,0.186220359732
1.04881084612,1.05684326093,1.11617411808,1.05773331214,1.06907406518
1.15037054639,1.18188039412,1.26422953639,1.16241251711,1.25975887406
0.214409383477,0.160846001661,0.390899582473,0.417260674398,-0.139990507063
100000,1.30693258981,1.15248092597,100000,1.16940992802
0.619408237937,0.167703338682,0.217935935633,0.405188987894,0.381309164264
0.503495141024,0.0636353407172,0.487301491338,0.412971731604,0.494687988809
1.00552380562,1.05092663313,1.06740850111,1.14827214312,1.02615434256
100000,0.299243144,0.523496131081,0.514685086491,0.66214459529
10000,10000,10000,10000,10000
0.187872971927,0.355767372503,0.220607752343,0.281812618899,0.377735003988
100000,100000,100000,100000,100000
100000,100000,100000,100000,100000
0.409441910712,0.195071233731,0.30945872873,0.42838158955,0.517121373201
1.15805552038,1.16124374678,1.15667016329,1.12792378266,1.1870417065
0.747284543763,0.594642067072,0.601766807777,0.678604866012,0.814899782462
100000,1.24404753072,1.10201348417,100000,1.16797339981
0.247977720645,0.21233055273,0.293902388665,0.333669542621,0.140716512725
0.127669820528,0.0148472872239,0.0610409540102,0.146293040499,-0.0616094542481
100000,0.265415886078,100000,100000,0.509017406933
100000,1.5282751089,1.29187211497,100000,1.42900202951
1.12230682355,1.16450586656,1.19897203273,100000,1.13224519671
100000,1.21175135391,1.09063432338,1.03808913978,1.05811015306
0.140606674377,0.28738285529,0.271593447659,100000,0.27511024292
100000,0.598168162244,0.631854449695,0.748502507903,1.17274165231
100000,0.226022534666,0.250833389105,0.190419471993,100000
100000,0.38038106097,100000,100000,0.476597090993
100000,0.230696577767,0.180979225385,0.173731607073,0.554274403387
100000,0.387778316699,0.53104471783,0.522663511977,100000
100000,0.408565201925,0.263041460063,100000,0.332053769397
100000,0.275439775158,0.341431214175,0.429298847595,0.680285456416
100000,0.35547964185,0.268404607468,100000,0.538873035724
0.412935217571,0.413059322091,0.385279951185,0.406836302215,0.276254043361
100000,0.792828902763,100000,100000,0.624638767781
1.1075277902,1.22641767034,1.14407864501,1.07284100321,1.15708447007
0.230370848057,0.322945213862,0.255394603792,0.337262699733,0.0128878716728
100000,0.494509662191,100000,100000,0.286877874468
0.430808855722,0.505169120351,0.485333702776,100000,0.23269370043
0.197419081581,0.11412044094,0.108463428659,0.138840703683,0.0996205917928
100000,100000,100000,100000,0.271927240095
100000,1.00170079171,0.997040016195,0.986684326075,1.14217344737
100000,0.343025584219,0.324037786944,0.313708487943,0.420487476421
1.03966457142,1.08839808587,1.07873580307,0.982291832712,1.01738228605
100000,0.425162961072,0.481697094132,0.62578498182,0.710764740661
100000,0.31577245913,0.400928846155,0.342682820691,100000
1.15805552038,1.16124374678,1.15667016329,1.12792378266,1.1870417065
0.223891690315,0.243961528761,0.244865548773,0.312800438085,0.225147147363
1.15805552038,1.16124374678,1.15667016329,1.12792378266,1.1870417065
0.0737620086362,0.121021780026,0.292072678051,0.373531520428,-0.201579465183
100000,1.26506688809,100000,100000,100000
100000,0.268507994522,0.311222567262,100000,0.283872662198
0.688339004188,0.252232507287,0.432357214618,0.502508490689,0.548209018047
0.0471761758132,0.119838188996,0.203684649344,0.224682748421,0.0664438513035
100000,0.296692135477,100000,100000,0.303869628442
100000,0.420414215432,100000,100000,0.411839176233
0.0451271987625,0.0550351644267,0.0827397169298,0.182153553795,0.077786073888
0.217950223526,0.172145780124,0.214860352864,0.206475423698,0.167785539219
0.22898287182,0.205189103478,0.225736591792,0.216927217204,0.226044732653
100000,0.106485150211,0.31606349157,0.409961827532,0.618454884015
0.142729138118,0.175463540389,0.337343691046,0.434732002902,0.216774944723
100000,0.0626823613903,0.210277443657,0.286516504495,0.444932362787
0.125114246692,0.213675869236,0.221091630543,0.212463525652,0.2091891747
100000,0.046045240781,0.0724083171517,0.111648419272,100000
0.0981319753997,0.135278268646,0.276356628401,0.0993911320368,0.195869974018
100000,0.181540431665,0.290767371731,0.339106922438,0.714304516857
0.23873976884,0.221366448533,0.340909050534,0.226170426106,0.268340604968
0.0351520425718,0.139537181208,0.165947011216,0.17824614621,0.0957897611026
0.224271112163,0.224371359634,0.320248496014,0.162885092917,0.292105402022
0.174692679428,0.209808626941,0.320248496014,0.212463525652,0.232142599687
-0.124573818907,0.16759626553,0.199244959488,0.304411205963,0.0647133799184
1.15805552038,1.16124374678,1.15667016329,1.12792378266,1.1870417065
-0.0063487618451,0.125147631177,0.158330827228,0.195297893894,0.0715923618307
0.0,0.0482624585202,0.0745259253526,0.118526529284,0.0366076931766
100000,0.190277783982,0.229166378557,100000,0.214317648697
0.050045230174,0.0669569199283,0.077815505712,0.143984877146,0.0797215179268
0.0321684614669,0.0660123700154,0.0761307769402,0.129266533348,0.0697543356388
0.108616374226,0.121917488978,0.184305365798,0.20732923664,0.123166764199
0.142729138118,0.178803990251,0.196851153358,0.256447688835,0.116648462661
10000,10000,10000,10000,10000
0.119439184952,0.176365474525,0.187675026359,0.232484137005,0.180215425972
0.114847516148,0.13547882028,0.138344720532,0.275711292139,0.118782819167
0.689822471373,0.607758597428,0.635263051456,0.721731798975,0.868370454316
0.0884174551592,0.166269730203,0.174100150259,0.156715653564,0.0621888487972
0.0132472216844,0.192084755699,0.415646034421,0.20386334323,0.132975002862
100000,0.342074555216,0.449975601886,0.41789929698,0.298025738016
0.161965442003,0.2171862888,100000,100000,0.213461329687
0.156715653564,0.262673096434,0.3201152118,100000,0.330928995134
1.15805552038,1.16124374678,1.15667016329,1.12792378266,1.1870417065
10000,10000,10000,10000,10000
100000,1.21816257413,100000,100000,100000
1.06264380671,1.23345669336,100000,1.11179884407,1.23157471863
0.156285192593,0.206652673742,0.2414435699,100000,0.214325612534
100000,0.223188342059,0.30639550538,0.242025047336,0.560953261416
0.421716209544,0.480402324256,100000,100000,0.498349698921
0.661321401753,0.273893652327,0.40701983193,0.534958978076,0.497644932241
0.438862514116,0.368627742214,0.342602918312,100000,0.473611111558
0.23873976884,0.299373265595,0.340909050534,100000,0.373894489787
100000,0.421166815878,0.579929494384,0.538589485709,0.88132142838
100000,0.359768406471,0.448126877726,0.534836959192,0.911097005981
100000,0.210090918823,0.457818098234,0.448165157006,0.684305147681
0.711115085102,0.412193903297,0.58584005973,0.596285284181,0.637621188877
0.61017581339,0.24331444252,0.431976119271,0.481447532696,0.589270656405
0.113293010912,0.181421637983,0.199374782427,0.190419471993,0.171727397275
100000,0.170899079321,0.150855787811,0.232063730634,0.549187114007
100000,0.246612775777,0.368073127511,0.448388201361,0.47915613697
0.21194236721,0.385393249661,0.356928437365,0.392202808276,0.343100655457
0.207931837379,0.283054267472,100000,100000,0.200791407919
0.73654481791,0.4875165726,0.58084635186,0.638862211795,0.901249905588
100000,0.536564191439,100000,100000,100000
1.15805552038,1.16124374678,1.15667016329,1.12792378266,1.1870417065
100000,0.53547960133,0.712301333501,0.661525258837,100000
0.688339004188,0.252232507287,0.432357214618,0.502508490689,0.548209018047
100000,0.14556624306,0.348146520566,0.439757832485,0.533168615705
100000,100000,0.336954154918,100000,100000
0.121943209468,0.308668968153,100000,100000,0.276101251493
0.153803204276,0.306189310123,100000,0.257153243196,0.266818523954
100000,0.641241230421,0.721862689839,100000,100000
0.698080205731,0.207502418902,0.4408812675,0.455710551825,0.490548020717
0.577844320525,0.269912852745,0.454843605296,0.434117282183,0.481249198994
100000,0.292565107857,0.42185200988,0.269765982359,0.271933226329
0.72764056342,0.499984462599,0.6178804711,0.597334356838,0.686658374339
100000,0.64199833241,0.688076798235,100000,1.05574380997
100000,0.469992648167,100000,100000,0.490419132964
100000,0.417964698098,0.535125819929,0.62542685173,0.672549441867
100000,0.127885605376,0.182079944974,0.156715653564,100000
0.144237728022,0.190696011306,0.263129507436,0.311866040649,0.276281683574
100000,1.04266595858,100000,100000,100000
100000,0.0320415692528,0.038243862344,0.174531588367,100000
100000,0.49470100544,0.575361562603,0.655782879384,100000
100000,0.307501256318,100000,100000,0.394879062114
100000,100000,100000,100000,100000
10000,10000,10000,10000,10000
100000,0.417964698098,0.535125819929,0.62542685173,0.672549441867
0.0303840717397,0.127347182463,0.090099208464,0.132629623235,0.0552596481983
1.15805552038,1.16124374678,1.15667016329,1.12792378266,1.1870417065
0.825724684584,0.544310893796,0.713049557647,0.681766928351,0.820736174729
1.15805552038,1.16124374678,1.15667016329,1.12792378266,1.1870417065
100000,0.121439695428,0.327582571718,0.420659775323,100000
1.11413538425,1.20956330722,1.25514469874,1.05346588184,1.17720964313
0.780969900548,0.408827814262,0.584069637303,0.59942424256,0.628601705565
100000,0.406188359431,100000,0.623661164401,100000
100000,0.520420972278,100000,100000,0.520220969118
0.730095473754,0.444091321486,0.592134659368,0.614536318644,0.655238979536
0.728194683776,0.449681730696,0.594186031374,0.726361340349,0.713160653402
1.02585098784,1.26591449839,1.24211211594,0.95186838607,1.21003908243
100000,1.37920143393,100000,100000,1.25851228654
0.590122447899,0.198282225549,0.387088302851,0.424948886471,0.519982092172
100000,1.18410809746,100000,100000,1.19809487679
100000,0.416569687302,0.686852251871,100000,100000
100000,1.21594417744,1.21021619708,100000,1.29315838852
10000,10000,10000,10000,10000
1.19217440826,1.03645428635,1.15952051263,1.03727192752,1.1247547328
10000,10000,10000,10000,10000
100000,0.199976676541,0.296916787685,0.170095875148,0.218914989523
0.23873976884,0.191147491433,0.340909050534,0.173393483697,0.204215939595
100000,0.928839686917,0.897229821342,100000,1.02321953447
100000,0.490077872618,100000,0.472467441724,0.406118882755
100000,0.394363092283,0.641896236722,0.51160043498,0.689046738433
0.217950223526,0.140938961016,0.214860352864,0.206475423698,0.173759452898
0.564544137614,0.152334211385,0.439860099423,0.380609172795,0.573021102581
100000,0.273191999411,0.534381234455,0.468392411962,0.808271180891
0.224271112163,0.156561361356,0.270670063278,0.113306660181,0.163947012556
100000,100000,100000,100000,100000
100000,0.594430487933,100000,100000,0.474668487825
0.609572546425,0.522707607941,100000,0.455616175077,0.480178352187
1.11413538425,1.20956330722,1.25514469874,1.05346588184,1.17720964313
1.26721532028,1.22119633057,1.25859853647,1.1157840298,1.22809500257
100000,0.916888454677,100000,100000,0.753006836088
0.780969900548,0.408827814262,0.584069637303,0.59942424256,0.628601705565
0.881651208523,0.500824672971,0.560777839538,0.647773054255,0.804862992676
100000,0.55459247632,0.771971277095,0.716941657802,0.995323188038
100000,100000,100000,100000,100000
100000,0.70619627409,100000,0.801007672951,0.875388029865
0.207931837379,0.283054267472,0.296916787685,100000,0.34795897583
0.161965442003,0.283054267472,100000,100000,0.362756849922
10000,10000,10000,10000,10000
100000,0.367358224503,0.465763043675,0.614714891999,100000
10000,10000,10000,10000,10000
0.780969900548,0.408827814262,0.584069637303,0.59942424256,0.628601705565
0.65433086127,0.53834537734,0.737145524107,0.729345410016,0.540086914696
100000,0.666475789354,100000,100000,100000
100000,0.499768489107,0.617124914821,0.794380565778,0.816878847631
100000,1.14252956338,1.00334504696,100000,1.24433073659
0.316829288377,0.459006364078,100000,100000,0.484289486568
1.18636994751,1.21539963746,1.18471780449,1.10026573784,1.22130986763
1.02954155578,1.15818021113,1.1598443458,1.04164770615,1.06657566661
0.780969900548,0.408827814262,0.584069637303,0.59942424256,0.628601705565
100000,0.499768489107,0.617124914821,0.794380565778,0.816878847631
0.221697910457,0.109848917379,0.178660374014,0.31787109446,0.126292522241
0.399650504009,0.341580952567,100000,0.545154297344,0.29067398078
1.03966457142,1.08839808587,1.07873580307,0.982291832712,1.01738228605
100000,0.458697844874,0.578584747621,0.513519927678,0.661690762713
0.58719873271,0.380876268071,0.484966694647,100000,0.60002937701
0.809444457759,0.536167686135,0.634168560678,0.580195099938,0.668075781394
100000,0.408199597179,0.550595396793,0.721395710325,0.773875821046
100000,0.561161467009,0.629651822034,0.809450128402,0.856546124437
100000,0.756891475031,0.868944928096,0.80700258646,0.652135353716
100000,0.65388887072,0.722572891102,0.665021020932,0.851761211309
100000,0.504196535857,0.575855124498,100000,0.78338396643
0.439524371116,0.315433847744,0.456908425407,100000,0.358221985346
100000,0.485291283112,0.613831385719,0.727028064875,0.925032042447
100000,0.324685787505,0.472293053418,0.489026229492,0.861822071122
100000,0.290157605383,0.438120121444,0.387342146854,0.768453163849
0.779399433577,0.857278392682,0.878043262146,0.876170201195,0.963496617227
0.818290078869,0.745088103031,0.883612196666,0.8206243055,0.69583386034
100000,0.320728088204,0.420882653801,0.532830647391,100000
0.379088434432,0.348335909639,0.503555068172,0.322403002072,0.189536357205
0.573033985213,0.552881120379,0.645559398713,0.660258843599,0.679987787713
0.780969900548,0.408827814262,0.584069637303,0.59942424256,0.628601705565
0.65433086127,0.53834537734,0.737145524107,0.729345410016,0.540086914696
0.6393022421,0.546818592441,0.654836509846,0.69407482526,0.46498816201
100000,100000,100000,100000,0.476597090993
100000,0.478115470853,0.544318940503,0.619941587886,0.765200153169
100000,0.252705797805,0.424426413432,0.413718152919,100000
0.792604155512,0.895685961347,0.89291922513,0.864785552813,0.993258094743
0.63914037743,0.408409241284,0.720032473455,0.668705288017,0.489231401437
100000,0.556556278311,0.700815573604,0.670405038263,100000
0.65433086127,0.53834537734,0.737145524107,0.729345410016,0.540086914696
0.852985647759,0.823871811288,0.895564519758,0.953160315239,0.901793235447
0.656129012987,0.566058830299,0.804549571412,0.68647977205,0.679252420552
100000,0.440712220288,0.607846697674,0.584063406118,100000
100000,0.578005038117,0.678178215499,0.735299410288,1.04298130285
0.247977720645,0.180614036925,0.290472157186,0.451919536154,0.230006464341
0.124743543515,0.171999067586,0.354516004835,0.496515343238,0.103355817646
100000,0.460030189931,100000,100000,100000
100000,0.559189431439,0.70292877035,0.672367596746,100000
100000,0.389013994683,0.534388658088,0.706344261573,0.773295578411
100000,0.685419400843,0.71052273412,0.820402712996,1.17394234696
0.468724936352,0.213894298367,0.391573788132,0.33718162861,0.512239137919
100000,0.259753509426,0.447382422195,0.4350377531,100000
0.646465854755,0.678780570097,0.728285091728,0.737087473437,0.731682075661
100000,0.322740937787,0.495973904184,0.496136297459,100000
1.06516253963,1.13629642443,1.06239567617,1.17515193805,1.14908250781
100000,0.611608438383,0.759899956233,0.741248501639,1.06405331885
1.15805552038,1.16124374678,1.15667016329,1.12792378266,1.1870417065
100000,100000,100000,100000,100000
100000,0.153287214455,0.358698113482,0.525599517334,0.686593681247
100000,0.149794142545,0.324330664882,0.410949609165,0.443438242194
0.824772786297,0.480573573488,0.57439919944,0.631750141739,0.637952569639
0.223891690315,0.220169687067,0.195923744434,0.330483833624,0.170217339946
0.115999046627,0.19280043958,0.250950392309,0.170095875148,0.252790641402
100000,0.518667891747,0.622683705672,0.646025362383,0.718548727276
0.611228249723,0.217361870901,0.388830557778,0.578784169275,0.353403124567
100000,0.290969659123,0.262684962145,0.384942069517,0.547463673821
100000,100000,100000,100000,0.898611345619
0.478434521825,0.0866961945038,0.260277054597,0.320629831746,0.1549436456
100000,0.259807823798,0.199349500814,0.178291282743,0.118791432759
100000,1.21175135391,1.09063432338,1.03808913978,1.05811015306
1.06516253963,1.13629642443,1.06239567617,1.17515193805,1.14908250781
0.41677933504,0.268216315362,0.526699868316,0.47565111922,0.213485037641
0.453087221684,0.359941785844,0.510431705523,100000,0.37625841044
0.42333152282,0.40060595687,0.476910009494,0.442913697665,0.336857066429
0.820637878485,0.63769873172,0.714672353774,0.731852115795,0.753682622625
100000,0.567079133045,0.57780608509,0.766213479339,0.822816111922
0.717102679136,0.41971926097,0.549343297795,0.57981735699,0.749988686116
100000,0.598875381339,0.772168395181,0.717124724416,100000
100000,0.469903881543,0.66427647875,0.616923833884,100000
0.57017559767,0.162800056662,0.364616901552,0.475114680961,0.50166477341
0.503495141024,0.0636353407172,0.487301491338,0.412971731604,0.494687988809
0.436831611411,0.365404320977,0.607546407799,0.495170970318,0.289953191015
100000,0.455165639498,100000,100000,0.289811544452
100000,0.241135913649,0.455033195249,0.422596362114,0.619968807952
100000,0.3908404528,0.509797967617,100000,0.827254701627
100000,0.304620499339,0.469708755593,0.550832260501,0.686658912336
100000,0.303076629979,0.424824813054,0.600515595342,0.917984015787
100000,0.501758495297,0.624307591287,0.626588316942,0.833125974513
100000,0.344575291215,0.524322468264,0.547664232269,0.928904985465
0.592935778638,0.451956115143,0.691684261323,0.630680870027,0.485341147987
100000,0.334302717715,0.455787767034,0.589479814459,100000
-0.218076275115,0.117176069783,0.170600159193,0.316306814625,0.0701732912716
0.260533237258,0.22092893314,0.21034029681,0.246816496354,0.226784202451
100000,1.28493226682,1.03120272659,100000,1.32955722032
1.02251270758,1.13092853357,1.14198819314,1.08012886946,1.0479229633
0.183805466379,0.243735552209,100000,100000,0.236526725633
100000,1.22767900035,0.985254993768,100000,1.05241873332
0.416962625596,0.400956701528,0.425403841559,100000,0.215169483673
0.888188113878,0.720584309172,0.718040287385,0.698098891392,0.987910305558
100000,1.18923664987,1.12340416504,100000,1.23053815001
1.15805552038,1.16124374678,1.15667016329,1.12792378266,1.1870417065
0.0192451171426,0.0140927387666,0.115259405814,0.142560857918,-0.0728588485813
1.15805552038,1.16124374678,1.15667016329,1.12792378266,1.1870417065
-0.0793507192755,0.134240586147,0.083716150567,0.131095608603,0.0467483312078
0.248765612463,0.119151985304,0.283343125375,0.359380657698,0.130980333581
0.877506766434,0.633867198096,0.653223562988,0.747641304879,0.803807538612
0.333353103283,0.211287175537,0.352259488623,0.448584534674,0.137381873185
0.160716901778,0.173797822939,0.133137122359,0.160529266896,0.177263692535
100000,0.645296317228,0.711013059487,0.701499887928,1.16961015151
0.431214301911,0.280530051419,0.367628645304,0.511878964127,0.263532709871
100000,0.165106846943,0.133342840205,100000,100000
100000,0.513334914088,0.60075061469,0.734426532807,1.10389127859
1.15805552038,1.16124374678,1.15667016329,1.12792378266,1.1870417065
0.207931837379,100000,0.159017601558,100000,0.0715417920185
100000,0.317563846498,0.375902481796,0.623767407401,0.629327078829
0.732087640973,0.382564859726,0.552120836567,0.580222589317,0.582850923933
100000,0.460991044074,0.644470458059,0.638122372193,0.7217338087
100000,0.349015927592,100000,100000,0.420491593377
0.721092539834,0.403229880124,0.445276554763,0.613465851779,0.517571608152
0.608030401298,0.279212703091,0.446755921576,0.526417540929,0.417566411723
100000,0.328638880349,0.529779298838,0.492014223907,100000
100000,0.287138378474,0.276356628401,0.267547253813,0.257373971039
100000,1.17074528379,1.06103537667,100000,1.35369759365
100000,0.305127031259,0.290688738154,100000,0.276035274844
0.302773550543,0.423495079906,0.362140866829,100000,0.340984511042
100000,1.14672755029,1.08278166315,100000,1.39605932098
100000,0.608101973794,0.5967447825,100000,100000
100000,0.228174786191,0.250754534343,0.382752021874,100000
1.08199632676,1.110849636,1.05814450308,1.12172907856,1.18168978437
100000,0.957892405994,1.13959549918,100000,1.04046828779
100000,0.305858112451,0.46778318564,0.47353103964,100000
100000,0.452897544769,0.537566157681,0.656199368724,0.826701246782
100000,0.751725725992,0.7722864686,100000,0.674792369509
100000,0.244523146294,0.435716787574,0.597127950481,100000
0.740608051928,0.38165789371,0.504548306912,0.543692173687,0.857842955985
100000,0.542014456626,0.627106086755,0.72338560099,1.13787209271
0.138033077,0.245938462113,0.3201152118,0.309910952079,0.281702619927
100000,0.31778676901,0.331680467494,100000,100000
100000,0.239076717893,0.411531694992,0.442913697665,0.548001378724
100000,0.362259170652,0.446630856704,100000,100000
100000,0.176231481049,0.218785287633,0.312927985844,0.570049732551
100000,0.204504322668,0.245219111802,0.452421528031,0.691548771017
100000,0.223477493578,0.370685327898,100000,100000
100000,0.343822312563,0.365625415021,100000,100000
100000,0.536564191439,100000,100000,100000
100000,100000,100000,100000,0.38318636802
0.342796846752,0.340249387183,0.261071989657,0.297935853357,0.240048524678
0.207931837379,100000,0.159017601558,100000,0.0715417920185
100000,0.294886565979,0.378522739878,0.553240255527,0.87948872669
100000,0.678406360307,0.673803898115,0.742200872872,1.07969914594
100000,0.610464926617,0.620675913522,100000,100000
100000,0.441468267573,0.515087095927,100000,100000
100000,100000,100000,100000,0.413572730729
100000,0.308270691856,0.447853669469,0.537364328074,0.746905156624
0.433747979209,0.608876869,0.64044855842,100000,0.405334577783
1.15805552038,1.16124374678,1.15667016329,1.12792378266,1.1870417065
0.290166917098,0.2399488551,0.325838498582,0.315451798593,0.236409481931
100000,0.12053748978,0.303758283427,0.442634280066,0.633115195925
100000,100000,100000,100000,100000
100000,0.294796829476,0.454938447908,0.640179588703,0.693030524304
100000,0.120790498405,0.30667927251,0.348609538522,100000
100000,100000,100000,100000,100000
100000,0.452943831151,0.493470467576,0.634793801897,0.854141502907
100000,0.278925965526,0.365380743107,0.460770446535,100000
100000,0.36749172619,0.376203189606,100000,100000
0.311931724214,0.497764966964,0.378545470561,100000,0.217218560076
1.06601193189,1.21460012988,1.09730837794,100000,1.11777384536
100000,0.325257958237,0.369592372794,0.547818786928,0.676237530494
100000,0.332230395591,0.420503236688,0.58299889061,0.731638195883
100000,0.565937368223,0.657869023307,0.610973130972,0.981810944899
100000,0.102687173372,0.391447554252,0.381482840835,0.905512309354
100000,0.345486570233,0.485205412308,0.51133561775,0.772004089
0.662409800513,0.420105817934,0.550112021867,0.583312384532,0.676204116413
0.222868901216,0.277399108738,0.382633152228,0.485141944068,0.137318096713
0.134553923115,0.203004542934,0.167288703531,0.281812618899,0.16445880874
0.717257374534,0.53230032709,0.593727144286,0.660243841628,0.68831291077
0.641920959501,0.317004817711,0.44155256001,0.481112020019,0.441574664179
0.839244870304,0.526607581164,0.569218125442,0.668016820722,0.662677561651
100000,0.616462324176,0.698417053491,100000,0.797447407194
10000,10000,10000,10000,10000
0.241994856439,0.250121723775,0.215451351181,0.349424403402,0.237988220171
100000,0.135376391329,0.340120644261,0.376593151013,0.652577832134
0.693890027252,0.357376513252,0.43616076371,0.390608695722,0.532138201523
0.301964152106,0.178349443326,0.391732444133,0.391703676766,0.1862732327
100000,0.322391774094,0.440965867892,100000,100000
100000,0.416664342427,100000,100000,0.522058098831
100000,0.812095272304,0.660724381392,100000,100000
1.16498817028,1.23562181099,1.18167698248,100000,1.21641245779
100000,1.10583204088,100000,100000,0.980071621849
1.1075277902,1.22641767034,1.14407864501,1.07284100321,1.15708447007
0.49881187301,0.127909314813,0.266200590615,0.368660305836,0.35573909086
0.444845378321,0.178428088604,0.201389622005,0.203004538872,0.357268588728
0.111672053884,0.128501087841,0.158837136938,0.307340174301,0.0066760308686
1.15805552038,1.16124374678,1.15667016329,1.12792378266,1.1870417065
100000,0.389111078201,0.535544536657,100000,0.742306360235
100000,0.369815252129,0.480736345737,100000,100000
100000,1.17027694994,1.02287915481,100000,1.0898654415
100000,1.00710770636,100000,100000,100000
100000,1.0870788626,100000,100000,100000
0.653098846041,0.212328917811,0.397756597535,0.440438032691,0.483028729849
100000,0.248382411968,0.405878582877,0.443707157283,0.741206946257
100000,0.415116201444,0.553419982317,0.645722875574,0.980744846871
100000,0.170826064458,0.30129150279,0.415376439618,0.117297738522
0.865100022889,0.649779416245,0.663723921362,0.764134732722,0.976546871495
100000,1.10059204072,100000,100000,1.4188335958
0.637394064695,0.350795402935,0.396218672722,0.561413376964,0.426561311082
100000,0.731409861593,0.538800222793,100000,100000
100000,100000,100000,100000,100000
100000,0.583470585911,0.473973562639,100000,100000
100000,0.173511859948,0.0974810613981,0.218345063586,100000
100000,100000,100000,100000,100000
0.208456914798,0.262755086013,0.253153017642,0.405563679208,0.127437470896
1.15805552038,1.16124374678,1.15667016329,1.12792378266,1.1870417065
0.33168945844,0.242725900461,0.279036940216,0.460846255577,0.136078007692
100000,1.50976084627,100000,100000,100000
100000,100000,100000,100000,0.609420404341
100000,0.254230174053,0.347559724094,100000,0.276398657304
100000,0.266078163812,0.504472610231,0.517532367095,0.679757861027
10000,10000,10000,10000,10000
0.976049730646,1.18098151514,1.09958238689,1.08191701079,1.05648721721
0.888188113878,0.720584309172,0.718040287385,0.698098891392,0.987910305558
100000,1.3231086744,100000,100000,100000
100000,1.08591059041,100000,0.979814365466,1.24883621607
100000,1.17700213597,100000,100000,100000
100000,0.266078163812,0.504472610231,0.517532367095,0.679757861027
0.679833911948,0.781984888923,0.738741888071,100000,0.660870295265
0.304554989546,0.239667738755,0.250649998669,100000,0.299119086265
100000,0.376334588859,0.394765492203,100000,0.32432418326
100000,0.284620282316,0.461666851737,0.381542480131,0.832207360367
100000,0.710674253613,0.718012985707,0.673321419979,1.16239651777
0.985926945592,1.11338194467,1.04533138614,1.0315332678,1.16486200469
100000,0.183318872535,0.267354646021,0.521032060607,100000
1.1075277902,1.22641767034,1.14407864501,1.07284100321,1.15708447007
100000,0.387893990905,0.461969001393,100000,100000
0.353324974364,0.429435729295,0.563971034894,0.652215848744,0.236868302167
100000,0.435751327692,100000,100000,0.454689640674
0.540852105539,0.398640366864,0.432754257792,100000,0.302763140962
0.369965107634,0.379256590547,0.368607764513,0.483314213379,0.280493650697
0.257238366985,0.216510301438,0.235284640772,0.300561426779,0.261948009612
100000,0.0934700962916,0.243304303126,0.365964200464,0.441955198088
0.20211912602,0.429056355087,0.37052695245,100000,0.349015979545
100000,0.215709173408,0.314296762017,0.266692075984,0.645373011688
100000,0.0997100295947,0.305475293494,0.40513532949,0.529421167971
0.595782373817,0.625750416686,0.59469918731,100000,0.4691603144
100000,0.266078163812,0.504472610231,0.517532367095,0.679757861027
100000,0.234821667513,0.307778825358,0.560499914643,100000
100000,0.193404901941,0.314633022516,0.276233667527,0.555765334573
0.164412463429,0.139104058438,0.401093170499,0.396700489113,-0.00588224074371
0.464756208812,0.274779299372,0.405415746609,0.345272093227,0.245053637481
100000,100000,0.418052568844,100000,100000
0.955040889433,1.00314040062,0.953364953375,0.985715316002,1.02701556165
100000,1.37204440403,100000,100000,1.33540070437
1.13261769804,1.19969772582,1.22778463777,1.14026257161,1.21629468297
0.444845378321,0.178428088604,0.201389622005,0.203004538872,0.357268588728
100000,0.493870137627,100000,100000,0.517865593745
0.164865732895,0.133134953945,0.320140001657,0.459008481677,0.112937107896
1.10237496537,1.057020453,1.16831052345,1.09265000775,1.15942389881
10000,10000,10000,10000,10000
1.08199632676,1.110849636,1.05814450308,1.12172907856,1.18168978437
1.15805552038,1.16124374678,1.15667016329,1.12792378266,1.1870417065
100000,0.608251419052,100000,100000,100000
1.15805552038,1.16124374678,1.15667016329,1.12792378266,1.1870417065
0.217950223526,0.222683406027,0.311222567262,0.206475423698,0.203293357514
100000,1.15716607382,1.15765349249,1.07513069294,1.35899072998
0.192590763259,0.171622231456,0.298401479953,0.288889385274,0.172930360103
0.988253539907,1.0470231754,1.07508689545,1.19092085274,1.0078025983
100000,0.203742126446,0.401319162911,0.565182344755,0.784637197577
0.00991613420313,0.0605198218995,0.255921046424,0.331637965509,-0.109330464511
100000,0.0827861771631,0.110310963756,0.206475423698,100000
0.425098072677,0.240384446028,0.354504638809,0.466234039367,0.240359595612
100000,0.220366826944,0.462069503235,0.423087497883,0.487853126867
100000,0.275845589747,0.206471311174,100000,100000
100000,0.296692135477,0.263041460063,0.254656530896,0.341335622548
100000,0.413528466178,0.529779298838,0.552732075172,0.44609344046
100000,0.242112015827,0.40504873848,0.321948834662,0.65140256899
1.06516253963,1.13629642443,1.06239567617,1.17515193805,1.14908250781
100000,1.07698019335,0.829629814456,100000,100000
1.15805552038,1.16124374678,1.15667016329,1.12792378266,1.1870417065
100000,0.0955302062754,0.125151754338,0.280195265945,0.499980113138
100000,0.592444199995,0.627260771389,100000,100000
0.0108492222371,0.108268177403,0.05380654903,0.159454315751,0.0967994109306
100000,100000,100000,100000,100000
0.953786378219,1.33888454011,100000,100000,1.1325012031
100000,0.385616916736,0.523455387681,100000,0.892801861339
1.06184391163,1.16844334322,1.19623501364,1.110961948,1.26855693095
0.780910326073,0.786043188452,0.782630676806,0.836579914422,0.771188805256
0.516896997011,0.562668340248,100000,100000,0.543482153669
100000,0.389111078201,0.535544536657,100000,0.742306360235
100000,0.345870772528,0.44470598374,100000,0.833625918668
0.0622218114511,0.106175720261,0.159017601558,0.242950888112,0.112564357184
100000,0.217709381116,0.277722340955,0.44007858474,0.658304633235
100000,0.302224759311,0.416263378177,100000,100000
100000,0.347620586105,0.480402937931,100000,0.694678036402
100000,0.310265237716,0.411491635118,100000,100000
0.16172755261,0.279991515283,100000,0.180814047056,0.274346529552
100000,0.362896314728,100000,100000,0.325645654366
100000,1.23011194845,100000,100000,1.27283302405
100000,0.384189750112,0.543820647825,0.614793349096,0.937805683602
100000,0.609023045669,0.661864174322,100000,1.09839261622
100000,0.290294671839,0.472921862215,0.403692177526,100000
100000,100000,100000,100000,100000
100000,100000,100000,100000,100000
100000,1.40933945531,1.28284755707,100000,1.28376358543
10000,10000,10000,10000,10000
100000,0.352150208004,0.288132108125,100000,0.363727271603
0.23873976884,0.324992609296,0.204482633503,100000,0.191316266481
100000,0.641241230421,0.721862689839,100000,100000
100000,0.526294727815,0.624222896229,100000,100000
0.577405175614,0.262892466806,0.370796391756,0.491907980907,0.54273312022
100000,0.385238182253,0.462670275776,0.543502773953,100000
100000,1.15716607382,1.15765349249,1.07513069294,1.35899072998
100000,0.130644995417,0.301246660358,0.352046783494,0.765682872161
100000,0.64199833241,0.688076798235,100000,1.05574380997
0.270607636455,0.28888583271,0.212129122927,100000,0.248105102971
0.153291087293,0.213221173123,0.215831529092,100000,0.276828606472
100000,1.34587055192,1.28735216841,100000,1.34789264541
100000,1.20217502941,100000,100000,1.20894069801
100000,0.386026969359,0.520474621811,0.54409067779,0.755355839775
100000,0.435751327692,100000,100000,100000
100000,1.53727972205,1.23372031495,100000,1.45706571603
100000,0.63607075715,0.646943654097,0.782980125501,100000
100000,0.630623634846,0.586972884998,100000,100000
100000,0.193326663713,0.423607751392,0.44489961669,0.625309867985
0.653815757236,0.66287224673,0.715518110265,0.709259696475,0.696791199546
100000,100000,100000,100000,100000
100000,0.255829775477,0.417141350204,0.457689038996,0.863036163198
100000,0.248273141177,0.492786501991,0.490480592236,0.820189640134
100000,0.447536874639,100000,100000,100000
100000,0.500751096874,0.631203830675,0.768362308191,100000
100000,100000,0.45838222055,100000,0.535261319914
100000,0.187587342541,0.425468644701,0.43065697314,100000
-0.191230461031,0.325504532737,100000,100000,0.242569167186
100000,100000,100000,100000,1.11499607508
100000,0.525915844339,0.60117218994,0.668056612771,0.755126378864
100000,0.577277951864,0.626037370846,0.635636773108,0.827482243088
100000,100000,100000,0.242950888112,0.289901836958
100000,0.329185778873,0.491901097495,0.631367741184,0.639878548909
0.207931837379,0.316929919352,100000,100000,0.408723245298
0.782383934383,0.950313606766,1.17714834923,0.845053906886,0.868044623555
100000,1.15569794085,1.05003732755,100000,1.19583466105
100000,0.599795539725,0.590078580957,100000,0.845098083525
10000,10000,10000,10000,10000
0.508847402813,0.437147019287,0.507870797895,0.47166746043,0.350468075475
100000,1.263177987,100000,100000,1.30704742697
100000,0.205383637231,0.275479701545,0.426298815664,0.507532526547
100000,0.207447354026,0.235796802808,0.155823064666,100000
100000,1.45362566732,1.06296285669,100000,0.956211188677
10000,10000,10000,10000,10000
100000,100000,0.347559724094,100000,0.532242744822
10000,10000,10000,10000,10000
0.0139526255759,0.205189103478,0.151860109828,0.216927217204,0.020346002014
10000,10000,10000,10000,10000
10000,10000,10000,10000,10000
1.12021026252,1.29068142924,1.26198843727,100000,1.43139077809
100000,0.26812578193,0.287573617597,100000,100000
10000,10000,10000,10000,10000
100000,1.31404994002,1.18532729861,100000,1.28056782417
100000,100000,100000,100000,100000
0.64941921231,0.228298921433,0.458989569526,0.461788374175,0.641096345541
0.506214033951,0.581482993054,0.504904139611,100000,0.451483933857
0.188488222706,0.337605703525,0.250649998669,0.259609702877,0.195028756913
100000,0.698950508853,0.588066486548,100000,100000
0.212574253036,0.179230243597,0.120878154754,0.283125216096,0.169883252526
100000,0.315720923568,0.420026123284,0.52909867551,100000
0.871342235931,0.52195868586,0.64627882549,0.719177143663,1.18133836527
1.15805552038,1.16124374678,1.15667016329,1.12792378266,1.1870417065
100000,0.410442465575,0.457982554824,0.561163691197,0.74849565471
100000,0.278549106541,0.502255326755,0.397385515813,100000
100000,0.245125188191,0.154990988496,100000,100000
100000,0.409058295232,0.492812940946,0.710871881947,0.902602569529
0.804893863626,0.540200525919,0.651338444495,0.671669524969,0.848178315475
100000,100000,0.293753175064,100000,100000
100000,0.529658281672,0.551569974031,0.760433521634,0.922099682573
0.545192455577,0.579087990271,100000,100000,0.492245376346
100000,0.435751327692,0.224061774721,100000,0.325645654366
0.625916298438,0.144536871094,0.281762166629,0.392451311543,0.740560993937
0.0683325076927,0.0785749480464,0.113732660007,0.0681224159715,0.0637070215956
100000,0.0457365273356,0.201234616267,0.32787218343,0.621235245386
100000,0.503282729357,100000,100000,0.505202315971
100000,0.448298115639,0.316935906839,100000,0.540105978123
100000,100000,100000,100000,100000
100000,100000,100000,100000,100000
0.248956897785,0.347266602492,0.181039935037,100000,0.271743031664
100000,0.118685138871,0.203164973263,0.394656675816,0.623758195248
0.155090294219,0.217558603445,100000,0.173393483697,0.24118300626
0.416095006698,0.110346568621,0.181595301841,0.339106922438,0.355934797115
100000,0.175877034619,0.22109940792,0.21394311077,0.632204292831
100000,0.118923992313,0.157891081162,0.355077806369,100000
100000,0.407673181311,0.412481065986,100000,0.792077471434
100000,0.424864973808,0.55184979911,0.512511438665,100000
100000,0.298440474401,0.471977069973,0.473850066596,100000
100000,0.226022534666,0.229476137673,0.22052082724,100000
100000,0.0357761123108,0.143752521477,0.272519111006,100000
100000,0.313876788037,0.307486593656,100000,0.444481744307
100000,0.268417973566,0.327295270338,0.50739917025,0.620123366539
100000,0.427242780738,0.368960775493,100000,0.21852251058
100000,0.301571695872,0.412280626414,100000,0.324519494379
100000,0.344620275554,0.518498239888,0.481537330083,100000
100000,0.711003508889,100000,100000,0.548026997367
100000,100000,100000,100000,100000
0.250549227498,0.303511861968,0.357772396586,100000,0.308500918855
100000,0.384899070648,100000,100000,0.406100193576
100000,0.0,0.27860467639,0.27986962489,0.779725105975
100000,0.267673260116,0.381757301699,0.415261758376,0.596933671551
0.442147312578,0.270060931427,0.477060082668,0.480788511763,0.249262960002
100000,100000,100000,100000,100000
0.164865732895,0.133134953945,0.320140001657,0.459008481677,0.112937107896
100000,0.279064119671,0.383794550878,0.439168259332,0.554726900512
100000,1.17700213597,100000,100000,100000
0.193921308529,0.356618525076,0.268269280212,100000,0.354008287273
0.679141797915,0.312192670053,0.465339509195,0.485874317939,0.599974659103
100000,1.17074528379,1.06103537667,100000,1.35369759365
1.1075277902,1.22641767034,1.14407864501,1.07284100321,1.15708447007
100000,100000,100000,100000,0.677744484181
100000,1.50976084627,100000,100000,100000
100000,100000,100000,100000,100000
100000,100000,100000,100000,1.26383909176
100000,0.487816284005,100000,100000,100000
100000,100000,100000,100000,100000
100000,100000,100000,100000,100000
100000,0.768705128374,0.800452669799,100000,1.0670301824
100000,100000,100000,100000,0.440840700228
1.06516253963,1.13629642443,1.06239567617,1.17515193805,1.14908250781
0.400305310117,0.581759106499,0.581726138613,100000,0.522809811829
1.15805552038,1.16124374678,1.15667016329,1.12792378266,1.1870417065
100000,0.624138702144,0.519820418478,100000,100000
0.521478810477,0.336275293895,0.410929003036,100000,0.460437468248
100000,100000,0.276356628401,100000,0.332566331411
100000,0.705754172339,100000,100000,100000
100000,0.541501185012,0.511061213778,100000,100000
100000,100000,100000,100000,1.17307917833
100000,100000,100000,100000,100000
100000,1.28772257537,100000,1.15224463735,1.35461665879
100000,1.32622754937,1.24089382082,1.17763745769,1.38719639948
100000,1.41475131369,100000,100000,1.59748764802
100000,1.27469847816,1.10290771228,100000,1.28840553321
0.810340309752,0.451419407473,0.598603374127,0.630153247704,0.689692552891
100000,0.188385713603,0.248236899878,0.222014477702,0.533478414749
1.12990930962,1.29407019089,1.23467117121,100000,1.1453317984
100000,1.37070516255,1.18646388216,100000,1.25595875013
100000,0.439199138369,0.578644355512,0.633631474752,0.746061623997
100000,0.349015927592,100000,100000,100000
100000,1.10203453587,100000,100000,100000
100000,0.469992648167,100000,100000,0.490419132964
100000,1.21594417744,1.21021619708,100000,1.29315838852
100000,1.4424030846,100000,1.07506106624,1.32390889394
100000,0.602423216913,0.635269278702,100000,0.903363657237
100000,1.00535384766,0.855012913251,100000,1.06740581373
100000,0.456746309123,100000,0.254656530896,100000
100000,0.76387706415,0.699463278468,100000,0.986130695851
100000,100000,100000,100000,1.33897858307
100000,0.389859096834,100000,100000,0.602918681211
100000,0.163307269179,0.358044674891,0.538495848775,0.698862606925
100000,0.423197856985,0.572119506439,0.7373104539,0.816285644525
100000,1.31863084867,1.22724749909,100000,1.17709177155
100000,0.416664342427,100000,100000,0.265668715625
100000,0.546974550871,0.62250618811,100000,100000
0.217950223526,0.332199953771,0.311222567262,100000,0.283872662198
100000,1.27688470966,100000,1.122152414,1.17138851006
100000,0.139722675571,0.391900724231,0.399481926522,0.491543772802
100000,0.333352412162,0.478621600691,0.505221130131,0.785687628928
1.06264380671,1.23345669336,100000,1.11179884407,1.23157471863
100000,1.08029123471,1.19958094368,1.01783384756,1.23472686086
1.15961550291,1.30195953537,1.17562432939,100000,1.27073039362
0.640215515069,0.574965732583,0.708648874209,0.582361686284,0.483946369265
100000,100000,100000,100000,100000
0.61868735855,0.186926243266,0.43547758282,0.429634947721,100000
100000,100000,100000,100000,1.23170967887
100000,0.660417152591,100000,100000,100000
1.12021026252,1.29068142924,1.26198843727,100000,1.43139077809
100000,0.646705631918,0.74729517787,0.754742434285,100000
100000,100000,100000,100000,100000
0.692466793745,0.380068094586,0.427567464398,0.506827220661,0.464118588919
100000,0.789464699184,0.580789308635,100000,0.718264684457
100000,100000,100000,100000,1.20320156886
100000,1.31404994002,1.18532729861,100000,1.28056782417
100000,100000,100000,100000,1.2832952848
100000,0.471788457999,0.600410602241,100000,100000
0.274377220517,0.341907101667,0.403031770753,0.287069170952,0.287411988548
1.07990103441,1.27152455507,1.15119920172,1.12985434459,1.18208102601
1.06516253963,1.13629642443,1.06239567617,1.17515193805,1.14908250781
100000,0.529397617953,0.606127185146,0.623637537336,100000
0.961887032455,1.00419940116,0.980005025598,100000,1.06383444497
100000,100000,100000,100000,100000
100000,1.14252956338,1.00334504696,100000,1.24433073659
1.17293440693,1.20723120736,1.25600724029,1.16647333882,1.1998488148
100000,100000,100000,100000,100000
100000,0.899377360185,0.879672617827,0.97391892638,1.35208225125
1.15805552038,1.16124374678,1.15667016329,1.12792378266,1.1870417065
1.10237496537,1.057020453,1.16831052345,1.09265000775,1.15942389881
0.868546488358,1.00384725751,1.10922974447,0.969440958369,0.987790698888
100000,0.596652977494,0.689749609628,0.661706279671,100000
1.01165731812,1.16188404052,1.20507492385,1.11917170925,1.11136644883
100000,0.607951383808,0.724865182879,100000,100000
1.17293440693,1.20723120736,1.25600724029,1.16647333882,1.1998488148
1.16446167972,1.28107658461,1.16997444703,1.24352672251,1.31828338679
100000,0.678521105725,0.617779678301,0.909120349882,1.07921133875
0.192590763259,0.158224878541,0.226147566458,100000,0.118645221131
0.111202252863,0.207754230515,0.37052695245,100000,0.171219917146
100000,0.406659198094,0.561296691924,0.595505955273,0.715304557165
1.06601193189,1.21460012988,1.09730837794,100000,1.11777384536
0.988253539907,1.0470231754,1.07508689545,1.19092085274,1.0078025983
0.734747660927,0.465836919121,0.658739695855,0.627752621956,0.699912013294
1.06516253963,1.13629642443,1.06239567617,1.17515193805,1.14908250781
100000,0.54818519826,0.662085109386,0.73872445515,1.20847570926
1.00880481613,0.755984492025,0.775361912861,0.82429499708,0.950385992031
100000,0.250409134592,0.40476361914,0.445543974579,100000
100000,0.159129225331,0.40745133833,0.408917097033,0.869886516453
1.01496354723,1.0787059434,0.996455575746,100000,1.04451005538
0.713706492494,0.346091499378,0.446041744145,0.532777519745,0.72950980858
0.490212819643,0.167708356592,0.244949237597,0.275670740859,0.449723480724
0.170666775023,0.0909762780729,0.264635277254,0.374218103634,-0.143727839101
1.15805552038,1.16124374678,1.15667016329,1.12792378266,1.1870417065
0.40380030468,0.0911032879026,0.220528038449,0.336560981619,0.325978201412
0.478930097274,-0.000149541855158,0.235937865645,0.23031700652,0.584474490409
0.726907817919,0.412721142472,0.496030794732,0.598843100095,0.695650239692
0.212574253036,100000,100000,0.34384306736,0.0396533085442
100000,0.199129595549,0.353286248561,0.520573434727,0.654651896432
1.06516253963,1.13629642443,1.06239567617,1.17515193805,1.14908250781
-0.0593816946525,0.0587666839315,0.165554214127,0.0979363317743,-0.0298114382716
0.875706272876,0.45619062619,0.57930940288,0.637825012775,0.679095765715
100000,0.169201920832,0.428934730212,0.431180464795,0.61643220876
0.24461145922,0.150210105245,0.210192123914,0.365665233134,0.0975015325181
-0.0813685165677,0.0928086175764,0.0384758943863,0.174860285621,-0.016485636199
1.14097720331,1.2019162421,1.0953361154,100000,1.10606766837
0.212574253036,0.0885604480838,0.256675224721,0.34384306736,0.0396533085442
100000,1.50976084627,100000,100000,100000
1.0795941275,1.20872961066,1.14186370286,1.20979787445,1.15209042351
1.18636994751,1.21539963746,1.18471780449,1.10026573784,1.22130986763
100000,0.593727716911,0.710865898859,0.709213004573,0.850990732801
1.03463143031,1.08201674946,1.10458791318,1.04966854009,1.06701768886
0.953786378219,1.33888454011,100000,100000,1.1325012031
1.01506507273,1.15428480179,1.01277903365,100000,1.25649422763
1.03755401519,1.05288144255,1.14173644113,1.18178398382,1.13489526204
100000,1.28887457191,1.26053837157,1.10996361921,1.37236377157
100000,0.391233708883,0.298401479953,0.23423140972,0.344718079112
1.15805552038,1.16124374678,1.15667016329,1.12792378266,1.1870417065
100000,100000,100000,100000,0.408723245298
100000,0.304146400924,0.41618129876,0.48274952267,0.781627122206
100000,1.17074528379,1.06103537667,100000,1.35369759365
100000,100000,100000,100000,100000
100000,0.212640858078,0.352336245147,0.396286886883,0.390030241722
100000,0.60443255587,0.351183464686,0.431614330679,100000
100000,0.369815252129,0.480736345737,100000,100000
0.156683327798,0.260987027248,0.259902056831,0.281812618899,0.206313574723
100000,100000,0.418052568844,100000,100000
100000,0.107807938033,0.260635847308,0.299588682447,0.475761111021
0.425098072677,0.240384446028,0.354504638809,0.466234039367,0.240359595612
100000,0.606244570295,0.596894557791,100000,100000
100000,0.306707341384,0.250950392309,100000,0.289901836958
10000,10000,10000,10000,10000
100000,0.492036244745,0.516347824111,100000,100000
1.1075277902,1.22641767034,1.14407864501,1.07284100321,1.15708447007
100000,0.107807938033,0.260635847308,0.299588682447,0.475761111021
100000,0.479449363408,0.461262473968,100000,100000
100000,0.245452028212,0.224675309607,0.245034412312,0.642429107172
100000,0.387316417193,0.566546174282,0.572244546782,0.853484455201
10000,10000,10000,10000,10000
100000,100000,100000,100000,0.800947932435
100000,1.41475131369,100000,100000,1.59748764802
1.15805552038,1.16124374678,1.15667016329,1.12792378266,1.1870417065
0.17198043009,0.209926654961,0.129784621033,0.224682748421,0.13263356621
100000,1.13913409255,1.15612314476,1.07370943534,1.13254561971
100000,1.44243243676,100000,100000,1.51966388912
100000,1.33651799831,1.1762242428,100000,100000
100000,1.34417981657,100000,1.15880604232,1.44017123644
1.06184391163,1.16844334322,1.19623501364,1.110961948,1.26855693095
100000,0.970190051541,1.1417608353,100000,1.42279390978
100000,1.38243742025,1.13050111153,100000,1.43044867127
100000,1.275266199,1.02344537179,100000,1.07864478488
0.389250744244,0.41140936304,100000,0.407256434162,0.373580082095
100000,1.33357205769,100000,100000,1.29559223572
100000,100000,100000,100000,100000
100000,100000,1.09815559272,100000,100000
100000,1.59890597514,100000,100000,100000
100000,100000,0.403711051049,100000,0.618231236329
100000,1.39528180827,1.13235687282,100000,1.34178946668
1.20277365404,1.19779134871,1.18600088192,1.19769286905,1.34180825402
0.590049675644,0.308945307202,0.561106484365,0.476361298013,0.291081758511
1.22471260262,1.43215298245,1.24896037163,1.24584683939,1.24300244848
100000,0.49721415064,100000,0.309910952079,0.38522521509
100000,0.582711672192,0.479478068881,100000,0.381094010931
100000,1.46732677716,1.36112078257,100000,1.47491075162
0.361479423316,0.243119040774,0.300177258998,0.474436004184,0.200901311429
0.597281554447,0.756973527781,0.738254149271,0.746345891274,0.635336280217
1.10830946697,1.39286788066,1.24858143068,100000,1.35694736829
100000,1.51509192969,100000,100000,100000
100000,100000,100000,100000,1.39109637113
0.572001721849,0.434440571139,0.492592742837,0.59846097925,0.400257307527
0.955040889433,1.00314040062,0.953364953375,0.985715316002,1.02701556165
10000,10000,10000,10000,10000
100000,0.605227256219,0.608265503812,0.661141093048,100000
100000,0.38222279681,0.456162801207,0.605798998423,100000
100000,100000,100000,100000,100000
1.07712309904,1.13528621315,1.31707017137,1.08220094209,1.10619022956
100000,100000,1.11208750379,100000,1.43384412412
100000,0.150897619579,0.368661863149,0.383053908478,0.595768515025
0.596324501001,0.466056249327,0.67179765291,100000,0.479681796373
0.740321246453,0.654072302904,0.673225693566,100000,0.60203682398
100000,0.315372878165,0.54951398201,100000,0.520843211047
-0.0935472606807,0.0592284133321,0.0474401673013,0.106518959932,-0.0300129271873
0.45474287185,0.424712325021,0.486411751702,0.551549528159,0.307253330011
100000,0.360177510889,0.617408891761,0.730350550035,0.818214000149
100000,0.308137903061,0.418986918025,0.4933240307,0.837226182188
100000,1.275266199,1.02344537179,100000,1.07864478488
0.772858613195,0.482343078975,0.579124487192,0.626455415038,0.680215191934
100000,1.21632837406,1.19792971771,100000,1.22358558013
0.937695860777,0.77803263261,0.85178705259,0.859635440518,0.950434056118
1.15805552038,1.16124374678,1.15667016329,1.12792378266,1.1870417065
0.105853387564,0.113336898263,0.251012440017,0.380593279237,-0.0533668727546
100000,1.38243742025,1.13050111153,100000,1.43044867127
1.1075277902,1.22641767034,1.14407864501,1.07284100321,1.15708447007
1.17293440693,1.20723120736,1.25600724029,1.16647333882,1.1998488148
100000,1.26050265367,1.01159711442,100000,100000
0.404859769377,0.160086296596,0.357869459172,0.448787675861,0.183921901768
100000,0.994036856662,0.909951790147,100000,1.05179351273
100000,1.38233866953,100000,100000,1.46533166495
100000,1.02590261802,0.985460204514,100000,1.23720575005
1.08199632676,1.110849636,1.05814450308,1.12172907856,1.18168978437
1.13261769804,1.19969772582,1.22778463777,1.14026257161,1.21629468297
0.249914222083,0.0772299539202,0.192461804424,0.310495436245,0.059742783783
1.15805552038,1.16124374678,1.15667016329,1.12792378266,1.1870417065
0.0846957546989,0.0868832798773,0.115846605639,0.196605537331,0.0725468559216
100000,0.693085640074,0.823456704855,100000,0.977410718063
100000,0.585179603677,100000,100000,0.514633400877
0.213450957114,0.231474761579,0.262614878999,0.303589256324,0.254467454024
100000,0.709389970241,0.634688378867,0.781915942923,1.08552636134
0.198454370178,0.37580493413,0.25116450463,100000,0.244279874552
100000,1.14422780648,100000,100000,100000
0.623086087055,0.553804461886,0.636567975047,0.748143886834,0.487429041481
100000,100000,100000,100000,1.38040923209
0.223570290787,0.208407054761,0.144813809412,0.330147567019,0.144142336587
100000,100000,100000,100000,100000
100000,0.601643746374,0.678974924817,0.666092174063,1.09331735472
0.350267676529,0.123863107331,0.304474151736,0.421534563139,0.102096520078
1.15805552038,1.16124374678,1.15667016329,1.12792378266,1.1870417065
0.427998491053,0.443904859575,100000,0.447796547265,0.440105878195
10000,10000,10000,10000,10000
100000,0.278455026381,0.263041460063,0.254656530896,0.283872662198
100000,100000,100000,100000,100000
100000,0.397069999612,0.453889896765,100000,100000
100000,100000,100000,100000,0.814159446525
100000,100000,100000,100000,1.04000325228
1.15721975771,1.46152605573,1.20005982151,1.21074962357,1.36894713135
100000,0.29784232867,100000,0.215203525939,0.266551419474
10000,10000,10000,10000,10000
100000,0.568215889611,0.61536641751,0.618714965286,1.09559921441
10000,10000,10000,10000,10000
100000,100000,100000,100000,0.522058098831
100000,1.40808308946,100000,100000,1.45698499972
100000,0.456746309123,100000,100000,0.476597090993
100000,0.257716490091,0.539545356122,0.440366261001,100000
100000,1.0940679696,1.10129690144,100000,1.30065233107
0.382147653607,0.351807580582,0.350595793189,100000,0.220606865379
100000,1.40808308946,100000,100000,1.45698499972
100000,0.888680403118,100000,100000,100000
100000,0.734249416622,0.640099305455,100000,100000
10000,10000,10000,10000,10000
10000,10000,10000,10000,10000
100000,0.514572935758,0.461144203144,100000,0.502156969923
100000,0.618265307683,0.745097808484,0.640495302061,100000
100000,0.27746842684,0.526285530159,0.463569321779,0.816139481903
1.07178681517,1.3153731413,0.973057523938,100000,1.09117674088
100000,0.258340146332,100000,100000,0.29042497582
1.15805552038,1.16124374678,1.15667016329,1.12792378266,1.1870417065
100000,0.222683406027,0.175961098817,100000,0.275685487487
100000,1.41262394473,100000,100000,1.46168355626
100000,1.16677292162,100000,100000,1.09586365309
100000,100000,100000,100000,100000
100000,0.496242331128,0.375660812399,100000,100000
100000,0.450904717766,0.599841176803,0.557081772956,100000
100000,0.201232609985,0.185271884545,0.139568800461,100000
100000,100000,100000,100000,100000
1.15721975771,1.46152605573,1.20005982151,1.21074962357,1.36894713135
100000,100000,100000,100000,100000
-0.0181423161061,0.160375579007,0.108500497798,0.232484137005,-0.00211324435871
1.15805552038,1.16124374678,1.15667016329,1.12792378266,1.1870417065
1.10830946697,1.39286788066,1.24858143068,100000,1.35694736829
0.119439184952,0.374045579771,100000,100000,0.298347414524
100000,0.843594236738,0.896524735543,100000,100000
100000,0.381834742051,0.509995100962,0.627624016322,0.649439931904
100000,1.01100392546,0.876744042837,100000,100000
0.405577018026,0.377404977242,0.456908425407,100000,0.494829586393
0.135852206434,0.122272766636,0.265397920433,0.379839670386,-0.0262532315333
0.775911969016,0.472721780405,0.54243394299,0.637271976294,0.677403191017
100000,1.36753887553,100000,100000,1.35787531064
100000,0.201740376921,0.237354477557,0.384399669375,0.685781389152
100000,1.08591059041,100000,0.979814365466,1.24883621607
0.361479423316,0.0539306186949,0.165301155635,0.272735668206,0.258684374736
10000,10000,10000,10000,10000
10000,10000,10000,10000,10000
0.102080251393,0.3041447295,0.396391353305,0.174531588367,0.198432330297
100000,0.17410206361,0.280819014565,0.525382154088,0.603760830225
100000,0.561906917408,0.592967599992,0.800158952808,0.94226494152
100000,0.432722043536,0.511436911876,100000,1.02372190982
100000,0.354274974021,0.434364119481,0.537891495219,0.831043581647
100000,0.163897755259,0.232679282931,0.507985107838,0.620435185005
0.742326271604,0.303918259545,0.409778491134,0.514246096199,0.632707800249
100000,0.28545010641,0.32490579453,0.458698402263,0.555742414865
100000,0.210545196632,0.297100015907,0.407674560697,100000
0.846869986444,0.770943954924,0.757918207518,0.825326057391,1.09648337126
0.366182249775,0.444282891491,0.212542388188,100000,-0.0353356412016
100000,1.31785982979,100000,100000,1.04269113513
100000,1.20879362778,100000,100000,100000
100000,0.167822206773,0.134868607022,100000,100000
100000,0.398755264554,0.361689028982,0.492859560677,0.571796992565
100000,0.331011161204,0.456589593655,0.473062669447,100000
0.182252750968,0.0692391994717,0.0961472992307,0.230275967708,0.100945482321
1.15805552038,1.16124374678,1.15667016329,1.12792378266,1.1870417065
100000,1.2761194592,100000,100000,1.25238316736
1.21736687257,1.32153169285,1.26781938954,100000,1.28090226721
100000,100000,100000,100000,100000
100000,0.841331830096,100000,100000,100000
0.511058286921,0.545064882246,0.548605362452,100000,0.262585879055
0.197661260533,0.347716598592,0.340637462004,100000,0.171087477204
100000,100000,100000,100000,100000
100000,0.440731279039,0.581573474479,0.659084283994,0.929324013363
0.953786378219,1.33888454011,100000,100000,1.1325012031
1.15805552038,1.16124374678,1.15667016329,1.12792378266,1.1870417065
0.953786378219,1.33888454011,100000,100000,1.1325012031
100000,0.118923992313,0.157891081162,0.355077806369,100000
0.667461651893,0.417612929834,0.404788811426,0.551700740596,0.456357368208
100000,0.100919329224,0.206072649554,0.274115182432,0.73637412606
100000,100000,100000,100000,100000
0.97999629797,1.11743965405,1.16940676165,1.02532828441,1.28985052661
100000,1.0870788626,100000,100000,100000
100000,0.248382411968,0.405878582877,0.443707157283,0.741206946257
100000,0.994036856662,0.909951790147,100000,1.05179351273
100000,0.200836163079,0.287162309859,0.398445259478,0.533359579256
