100000,1.19924446181,1.23814507473,1.19624834269
100000,100000,100000,100000
100000,0.898418872751,1.12975993188,100000
10000,10000,10000,10000
100000,0.205988784166,0.250101548235,0.230003706648
100000,1.19016832843,1.24509464841,1.20059946626
100000,1.19924446181,1.23814507473,1.19624834269
100000,0.311180574402,0.200961662244,0.339137008529
100000,1.19924446181,1.23814507473,1.19624834269
100000,0.225373565698,0.232550346436,0.286183578862
100000,100000,0.739142606671,100000
10000,10000,10000,10000
100000,0.464467949629,0.463755247283,100000
10000,10000,10000,10000
100000,0.931809989022,0.939068802202,100000
100000,0.570796404294,0.723092752705,0.764124839552
100000,1.35778098176,1.18058829296,1.12828005886
100000,0.551296225296,100000,100000
100000,1.47867029984,1.33006587279,1.22873588256
100000,0.71861905427,0.777551436751,0.60382893759
100000,0.58475949314,0.680276102151,0.557336264259
100000,0.415194674863,0.436656401403,0.520997405917
10000,10000,10000,10000
100000,100000,100000,100000
100000,0.255153041139,0.392490520575,0.0573979091227
10000,10000,10000,10000
100000,1.20669813159,1.29567710786,1.22062302753
100000,1.35277160055,1.34675633031,1.35477006834
10000,10000,10000,10000
100000,0.219009584429,0.198025712244,0.255788214235
10000,10000,10000,10000
100000,0.286085303408,0.262896424271,0.300900023492
100000,100000,0.525470867446,0.670527540651
100000,0.777270368641,0.943375632873,0.963062211375
10000,10000,10000,10000
100000,1.19924446181,1.23814507473,1.19624834269
100000,0.549924817147,0.864967265848,100000
100000,1.25893082819,1.27583513834,1.24885785143
100000,1.33710919515,1.27244034566,1.29886943678
100000,1.4262661106,1.49194002469,1.34645719902
0.188238314601,0.191140378802,0.298466596035,0.276395786505
100000,1.35778098176,1.18058829296,1.12828005886
100000,1.35277160055,1.34675633031,1.35477006834
100000,0.331728766192,0.329226329913,0.247310104861
100000,0.314089956035,0.655483613556,0.452820672023
100000,1.47867029984,1.33006587279,1.22873588256
100000,0.71861905427,0.777551436751,0.60382893759
100000,0.58475949314,0.680276102151,0.557336264259
100000,0.415194674863,0.436656401403,0.520997405917
100000,0.462366218956,0.364138787785,0.51115301705
100000,1.00413146052,1.25640151946,1.2252315717
100000,0.492588005698,0.594820674698,0.612481952668
100000,0.540814932416,0.535592773487,0.833617318259
100000,1.19924446181,1.23814507473,1.19624834269
100000,100000,1.04139552111,100000
100000,0.598582469661,0.375911319202,0.840676713392
0.486597759492,0.389104466844,0.452084988878,0.619949521606
100000,0.620687466953,0.626970917302,100000
100000,0.549924817147,0.864967265848,100000
100000,0.636184568468,0.616607985319,0.873527491802
100000,0.84894047461,100000,100000
100000,100000,0.865727147814,100000
100000,0.987006317281,0.73948417625,100000
100000,0.658997797507,0.562601270562,0.65754240238
100000,0.310128350183,0.364501071252,0.521866616821
100000,0.833072338968,0.99122767999,100000
100000,0.840836033905,0.848633641631,0.973340971827
0.188238314601,0.191140378802,0.298466596035,0.276395786505
100000,0.570796404294,0.723092752705,0.764124839552
100000,1.35778098176,1.18058829296,1.12828005886
100000,0.331728766192,0.329226329913,0.247310104861
100000,0.314089956035,0.655483613556,0.452820672023
100000,1.47867029984,1.33006587279,1.22873588256
100000,0.71861905427,0.777551436751,0.60382893759
100000,0.58475949314,0.680276102151,0.557336264259
100000,0.415194674863,0.436656401403,0.520997405917
100000,0.259922721134,0.282639651372,0.384867507834
100000,1.19924446181,1.23814507473,1.19624834269
-0.0468313435376,0.164185438741,0.22334566619,0.247788543409
100000,1.33917982185,1.33655325644,1.4092340932
100000,1.21628417838,1.28306217558,1.25897047558
100000,100000,1.28033507036,100000
0.323499783047,0.375931267906,0.362348320695,0.48661923448
0.016431536297,0.25701872745,0.161934353185,0.251218788849
10000,10000,10000,10000
100000,0.822043756016,0.629468425518,0.992301451744
100000,1.2576998266,1.28629830202,100000
100000,1.29622450133,1.21464215468,1.43800401518
100000,0.406257500247,0.347206777158,0.444366336715
100000,1.50638724572,1.05581622197,1.34099656491
100000,1.11715652952,1.32064059584,1.49921508028
0.416122136679,0.415300337202,0.385776606755,0.443782521949
100000,0.829806385391,0.467927165217,0.895440480385
100000,1.25954210968,1.29560572473,1.3707484872
0.188238314601,0.191140378802,0.298466596035,0.276395786505
100000,0.570796404294,0.723092752705,0.764124839552
100000,1.35778098176,1.18058829296,1.12828005886
100000,1.35277160055,1.34675633031,1.35477006834
100000,0.331728766192,0.329226329913,0.247310104861
100000,0.314089956035,0.655483613556,0.452820672023
100000,0.155849285942,0.227115629611,0.182401575018
100000,1.47867029984,1.33006587279,1.22873588256
100000,0.71861905427,0.777551436751,0.60382893759
100000,100000,0.732482785749,0.623665512778
100000,0.58475949314,0.680276102151,0.557336264259
100000,0.415194674863,0.436656401403,0.520997405917
100000,0.640631104118,0.573494160633,0.563372985756
100000,1.19924446181,1.23814507473,1.19624834269
100000,1.19238985466,1.32912623676,1.30756654654
100000,0.584822064807,0.553853353537,0.550315288788
100000,0.755793422667,0.695297629946,0.844378959509
0.0923890962178,0.17334848199,0.23657574533,0.248261179308
100000,0.466256366613,0.550547214437,0.788234205216
100000,1.08491595184,1.29593793729,1.34107663985
100000,0.540472827862,0.688561273479,0.73849909617
100000,0.931809989022,0.939068802202,100000
0.434787829141,0.499925969076,0.732040210615,0.672659396763
100000,1.20669813159,1.29567710786,1.22062302753
100000,1.35778098176,1.18058829296,1.12828005886
100000,1.35277160055,1.34675633031,1.35477006834
0.302390622764,0.0737397117128,0.176279230971,0.0951683908866
100000,0.155849285942,0.227115629611,0.182401575018
100000,0.71861905427,0.777551436751,0.60382893759
100000,0.58475949314,0.680276102151,0.557336264259
100000,0.415194674863,0.436656401403,0.520997405917
100000,1.52349861713,1.14898586182,1.08752975989
100000,0.606260070131,0.746655749165,0.916664745004
100000,1.19924446181,1.23814507473,1.19624834269
100000,0.549924817147,0.864967265848,100000
10000,10000,10000,10000
100000,0.559235609869,0.745464654236,0.967518204769
100000,0.98300567253,0.876703911966,0.906174999529
10000,10000,10000,10000
10000,10000,10000,10000
100000,0.83103866728,0.665076529922,100000
100000,100000,0.93517891839,100000
0.302390622764,0.0737397117128,0.176279230971,0.0951683908866
100000,0.155849285942,0.227115629611,0.182401575018
100000,0.71861905427,0.777551436751,0.60382893759
100000,0.58475949314,0.680276102151,0.557336264259
100000,0.415194674863,0.436656401403,0.520997405917
100000,1.52349861713,1.14898586182,1.08752975989
100000,0.540472827862,0.688561273479,0.73849909617
100000,0.931809989022,0.939068802202,100000
0.434787829141,0.499925969076,0.732040210615,0.672659396763
100000,1.20669813159,1.29567710786,1.22062302753
100000,1.35778098176,1.18058829296,1.12828005886
100000,0.724575816547,0.552682903897,0.755192050077
100000,1.35277160055,1.34675633031,1.35477006834
100000,1.59794659658,1.11575360084,1.27565592338
100000,1.19924446181,1.23814507473,1.19624834269
-0.00818717471027,0.208104629338,0.256597827784,0.261476738876
100000,0.602020954013,0.765686262174,0.956356383079
0.130110175544,0.199069185963,0.341626872029,0.383935409201
100000,1.45057873079,1.183760221,100000
100000,0.309945873365,0.279738455102,0.347559622568
100000,0.455069441553,0.628577443807,0.828792354782
100000,0.645771598252,0.712844801486,0.554289569207
100000,0.984731779692,0.62522780002,0.837487680181
100000,1.52380262551,1.24118377291,100000
100000,0.540472827862,0.688561273479,0.73849909617
100000,1.17900203494,1.29558613075,1.06266737623
100000,1.18756680968,1.32768901022,100000
100000,0.483483084228,0.454107286106,0.607445081236
100000,1.35778098176,1.18058829296,1.12828005886
100000,1.35277160055,1.34675633031,1.35477006834
0.302390622764,0.0737397117128,0.176279230971,0.0951683908866
100000,0.155849285942,0.227115629611,0.182401575018
100000,0.71861905427,0.777551436751,0.60382893759
100000,0.58475949314,0.680276102151,0.557336264259
100000,0.415194674863,0.436656401403,0.520997405917
100000,1.52349861713,1.14898586182,1.08752975989
0.441454158809,-0.00538458055711,0.181757848452,0.21809489716
100000,1.19924446181,1.23814507473,1.19624834269
100000,0.314089956035,0.655483613556,0.452820672023
0.188238314601,0.191140378802,0.298466596035,0.276395786505
100000,1.19924446181,1.23814507473,1.19624834269
0.0575887715061,0.298800927369,0.517765141927,0.453100036651
0.152730496307,0.214552271513,0.283819602723,0.32714499052
-0.0588962202916,0.0559599718336,0.120477008921,0.0917642739439
100000,0.570753061581,0.845765066205,1.01933598036
-0.101926034589,0.100992482605,0.128632681062,0.175897264298
100000,1.0327820183,0.942242218419,0.949776969216
100000,1.19924446181,1.23814507473,1.19624834269
100000,0.314938913709,0.343165239275,100000
10000,10000,10000,10000
100000,1.01343141095,100000,100000
100000,100000,100000,100000
10000,10000,10000,10000
100000,0.604298888641,0.610069361573,0.651420090176
100000,0.375748347325,0.41498879296,0.568296938112
100000,0.490728526513,0.395845028323,0.428455954332
100000,0.736473112218,0.786497280729,0.788074853446
100000,0.597314109316,0.768837609832,0.918797981556
100000,0.756474773851,0.777238354917,100000
100000,100000,100000,100000
100000,0.977291123447,0.856024500181,0.972264855151
100000,1.01343141095,100000,100000
100000,100000,100000,100000
100000,0.223016685182,0.335295323851,0.435235775202
100000,0.432500447808,0.593173840231,100000
100000,0.669971996594,0.647198959201,0.691310758418
100000,0.393158987688,0.469647631282,100000
100000,0.845381839686,0.616891695555,100000
0.154805595013,0.279660064192,0.264570775087,0.393951353529
100000,1.21137371503,1.09921323757,1.02827540994
100000,0.334288894959,0.37941539168,0.502175559774
100000,0.975773766818,0.904857316587,0.952266212754
100000,1.01343141095,100000,100000
100000,0.537339311637,0.500146206492,0.542778102164
100000,0.923445145573,0.860501652147,0.967937975927
100000,0.550575786742,0.696944103741,0.89068404899
100000,0.757199356515,0.828972619733,100000
0.165006580448,0.13824749916,0.284050507293,0.291037672854
100000,1.19924446181,1.23814507473,1.19624834269
100000,0.410637375878,0.531131157604,0.638481270362
100000,0.411144264519,0.467679597318,100000
0.202089778227,0.156361715025,0.310438548241,0.334841205332
-0.0180924458921,0.170777866742,0.216982904164,0.205378926857
100000,0.825631248186,0.765400867738,1.02879887949
100000,0.424005747743,0.436991296713,0.599304102104
100000,0.600830373172,0.404641635632,0.493917071405
100000,0.586246798364,0.621084928739,0.822991240655
100000,0.50283720039,0.423650531095,100000
100000,100000,100000,100000
100000,0.375138966799,0.595323155261,0.85193008624
100000,0.871352712435,0.910363370375,100000
0.370057999929,0.704922696619,0.553824206942,0.765014826261
0.317270784148,0.336930034722,0.398878449669,0.56346897015
100000,1.10748356703,1.19988003068,1.26600311852
100000,0.6843401687,0.810000498095,100000
100000,1.1452668869,1.29511912884,1.20249529045
100000,0.568779629221,0.845126838303,0.846822011415
100000,100000,0.938639957315,100000
100000,1.16344151407,1.12431934305,100000
100000,0.624571726428,0.699567021076,0.934101022383
100000,0.583087057648,0.763759279447,0.948781145896
100000,0.615888657705,0.573125875195,0.883103742715
100000,0.522147869704,0.692292043899,100000
100000,0.665478361765,0.703971464463,0.814365822138
100000,0.746730686931,1.1918354255,100000
100000,0.489796475567,0.532388837768,0.482109791222
100000,0.52854353772,0.691320438841,0.732916349226
0.0846411409925,0.0848258630626,0.168024443384,0.140727715833
100000,0.3722493116,0.321143570155,0.535966513787
100000,0.654191436362,0.881984659776,100000
100000,1.243803544,1.33506256198,1.24075029675
100000,100000,100000,100000
100000,1.25394005979,1.07247270004,1.30641774885
0.858241828342,0.918416935074,1.45428101413,1.44799036803
100000,100000,100000,100000
100000,1.21455010808,1.12519057294,100000
100000,1.44555034246,1.35043634271,100000
100000,1.23001623319,1.29107459726,1.18016836159
100000,0.227813555991,0.399943934077,0.430093735163
100000,0.525955125035,0.575809255662,100000
0.190493949373,0.105960560123,0.0973764632674,0.255387819282
0.367415095236,0.237654288811,0.338524508193,0.441224181666
0.382730499034,0.125119551274,0.201431486172,0.469651405386
100000,100000,100000,100000
0.146832572764,-0.245906160896,-0.0329097577849,-0.0118278589435
100000,0.450283818858,0.520818450525,0.632993331249
100000,1.34847268731,1.50407903929,1.14927031667
100000,0.645018074066,0.727697731412,0.921816455738
100000,0.383562893329,0.514405327385,0.614928765904
100000,0.359791816411,0.481862798525,0.612111431622
0.293300699724,0.211613130151,0.380205212569,0.318701158632
-0.0856471013052,0.0311197459829,0.181350794102,0.196409908531
100000,1.19924446181,1.23814507473,1.19624834269
0.321484840678,0.185797704644,0.170146353572,0.216750198902
100000,1.40756603926,1.24871587632,1.29265283295
100000,1.26756367965,100000,1.06531956638
100000,100000,1.53762899637,1.12470084475
100000,1.64237788514,1.6574303833,100000
100000,0.456713099913,0.92465126184,1.10998911599
100000,0.880374110384,1.03169839975,100000
100000,1.3529389041,1.44519815462,100000
100000,1.02295637857,0.821533319793,100000
100000,0.976054334474,1.4198398243,1.33040193629
100000,1.19924446181,1.23814507473,1.19624834269
100000,0.552283801187,0.719721776973,0.806101396258
100000,1.19924446181,1.23814507473,1.19624834269
100000,1.1452668869,1.29511912884,1.20249529045
100000,0.577261040806,0.725495703167,100000
100000,1.06247592058,0.972893545314,100000
0.538600449527,0.620206187897,0.588384277611,0.578043178839
100000,1.01665764753,1.03606495328,1.02327286462
100000,0.877412186186,0.736916334131,0.93888896766
0.461626370247,0.578600187775,0.577325928837,0.624252762124
100000,0.903673773468,1.11939121444,100000
100000,0.731961902639,0.655124197376,0.870638581171
100000,0.933820379168,1.26854848673,1.2381762312
100000,1.19924446181,1.23814507473,1.19624834269
100000,0.869677466625,0.765236709243,100000
100000,1.23001623319,1.29107459726,1.18016836159
100000,0.465891027928,0.505990521705,0.65328732346
100000,0.467015818055,0.543658639488,0.63858090107
100000,1.14539728097,1.33397569743,1.4851393469
100000,1.12228814505,1.223360822,1.10314900577
100000,1.12762320651,1.22468052052,1.26243207438
0.127937791105,0.0291477277979,0.263136763377,0.216019939207
0.437073100541,0.452690400291,0.665371576512,0.610278426876
100000,0.594988205987,0.711977227657,0.84264222388
100000,0.688340419105,0.759835041894,100000
100000,1.01599799579,100000,100000
0.195561991941,0.174474568259,0.198500133741,0.131424740791
0.14516119806,0.308202890924,0.361400535758,0.319152895174
100000,1.33195891712,1.34416640563,100000
100000,100000,100000,100000
100000,0.653911044303,0.827077022154,0.93235656736
100000,0.793308556536,0.701721580355,100000
0.529651940406,0.582809095311,0.538819693048,0.684473764624
100000,0.389673684117,0.34045485157,0.58935817848
100000,0.689598891576,1.28359218849,1.22420049314
0.116359180642,0.192610176374,0.245951376428,0.286590832156
0.461626370247,0.578600187775,0.577325928837,0.624252762124
100000,100000,100000,100000
100000,0.662239140594,100000,100000
100000,100000,0.634104226865,100000
100000,1.23001623319,1.29107459726,1.18016836159
0.529651940406,0.582809095311,0.538819693048,0.684473764624
100000,0.389673684117,0.34045485157,0.58935817848
0.223746132896,0.320073880118,0.423700157812,0.425010724761
100000,100000,100000,100000
100000,0.784359083734,0.609680628427,0.689767818121
100000,0.951860650878,0.85210743204,0.721174609632
100000,0.627348197437,0.856204876526,0.866289829742
100000,0.871679695877,0.937570759629,0.755387477223
0.0786444898684,0.233941658538,0.208583538364,0.227366073457
100000,1.24238899475,1.26617860971,1.05629968568
100000,0.676812107009,0.697009632502,0.576985970185
100000,1.22560754684,1.23497917568,1.17241079899
100000,0.218654742683,0.23325711991,0.163430076073
100000,0.499066507447,0.529842860286,0.484847034457
100000,0.833806117245,100000,100000
100000,1.47867029984,1.33006587279,1.22873588256
100000,0.74181077572,100000,100000
100000,1.3350428765,1.51902922523,1.25080933397
100000,0.365740327292,0.401314085608,0.400254728984
100000,1.30575093059,1.15505938082,1.29742134589
100000,0.883603352547,0.856709196537,100000
100000,0.502886295471,0.561374427878,0.651638465292
100000,1.32267610841,1.22226680127,1.3854839777
0.605285731425,0.693041327657,0.737714101705,0.91377182084
100000,0.647883765251,0.747666054614,0.739056183609
0.525722947056,0.472188490624,0.502592537084,0.70592269949
100000,0.419070182396,0.442995091525,0.718554274762
100000,100000,100000,100000
0.188238314601,0.319731785596,0.287703316662,0.369532371322
100000,1.33519705798,1.24376987052,1.22495128385
100000,1.26415078042,1.40497487794,1.31816174147
100000,1.19876494529,1.24200398393,1.42860012164
100000,1.17935699766,1.2335369651,1.15200152704
100000,1.21500525546,1.38142000726,100000
100000,0.680063603555,100000,0.576524592376
100000,0.63698387267,0.555991145662,0.752779662555
100000,0.904127054008,1.18998451827,1.19674729554
100000,0.466735175216,0.377386631926,0.658268605714
100000,0.589696674714,0.659503379777,0.793270247108
100000,0.297694713442,0.45433537967,0.518074436717
100000,0.341942717599,0.606761693942,0.613587150961
100000,0.517707524986,0.617928652645,0.710010383989
100000,1.19063165269,1.24902667367,1.29929899788
100000,1.41421443227,1.36968786452,1.02679066625
100000,0.717309577529,0.730015301638,0.666872577736
100000,1.27839619637,1.02158522795,1.05343197114
0.977256532998,1.17374703727,1.28527937296,1.26759682684
100000,0.67602809363,0.730631307343,0.755192050077
0.29957974829,0.335214397498,0.459887815618,0.592924389001
0.254783723328,0.123068045255,0.153532256088,0.15775439853
0.442058077851,0.423146551292,0.626615772457,0.574393829132
100000,0.501939165425,0.335236823477,0.313261028774
100000,1.19238985466,1.32912623676,1.30756654654
100000,1.12228814505,1.223360822,1.10314900577
0.929507875735,1.12582017932,1.14254934681,1.19011021672
100000,0.755736421575,1.06514749638,1.06583210857
100000,0.472208148932,0.573319503503,0.550777554953
0.299178338256,0.202768193721,0.322853979685,0.273008824389
100000,0.812770461789,0.967166158344,100000
100000,1.14539728097,1.33397569743,1.4851393469
100000,1.20445939827,1.07090972201,1.22161938136
100000,1.04619108009,1.63633754361,1.34740414409
100000,0.393385909622,0.337018573654,0.526794398763
100000,0.56306615326,0.537578252755,0.663243849927
100000,0.3594506692,0.534404726132,0.394752167663
100000,0.727308121176,100000,100000
100000,0.358755388603,0.604284770914,0.851859453457
100000,0.674073330888,100000,100000
100000,0.438250310305,0.716117643004,0.609731567381
100000,0.981479260126,1.24721082324,1.3468680908
100000,1.19924446181,1.23814507473,1.19624834269
100000,1.23001623319,1.29107459726,1.18016836159
100000,0.269865563833,0.348826935957,0.25573124747
100000,0.868935122136,1.20928544008,100000
100000,1.15719179231,1.39090452177,1.37596069545
100000,0.438481789374,0.614991697476,100000
100000,1.1452668869,1.29511912884,1.20249529045
100000,0.455779349712,0.460131603952,0.542778102164
100000,0.255551228773,0.236011070263,0.268784763933
0.243881981593,0.293848982477,0.265285200147,0.361157282621
100000,0.51631778763,0.736669963312,0.830367171733
100000,0.456136943096,0.567328157453,100000
10000,10000,10000,10000
100000,100000,100000,100000
100000,100000,100000,100000
100000,100000,0.734508920813,100000
100000,100000,100000,100000
0.372682411678,0.45964973674,0.456217935583,0.514831152178
100000,0.205377206315,0.309723189127,0.266840506331
100000,0.371117962225,0.334190067223,0.450940135765
100000,0.248225077848,0.342157249126,0.176509814846
0.448266457583,0.267873137091,0.291856334183,0.249482020877
0.24613436448,0.16000194512,0.183988753102,0.0659699382361
0.120573237172,0.331523047713,0.300963475156,0.38151863806
100000,1.21789921501,1.26444180457,1.25463845111
100000,0.77483603431,0.512939018574,0.882325099111
100000,100000,100000,100000
-0.0394809364745,0.133082721405,0.111412396849,0.0770008252292
100000,0.272569196755,0.181849852802,0.475608501156
100000,1.07609132435,1.18717336233,1.14707008798
100000,1.31781442295,1.35839535809,1.23649294506
100000,0.898067623087,0.821205560846,1.08063098976
100000,0.959998679569,0.81221068068,0.736682952066
100000,1.20445939827,1.07090972201,1.22161938136
100000,1.89373376705,1.34241109303,100000
100000,0.314351479487,0.268364733179,0.14992157893
100000,1.25697881127,1.33854065721,1.25532502389
100000,1.33917982185,1.33655325644,1.4092340932
100000,0.713915323778,0.676020186712,0.877868426391
100000,1.27277846295,1.34573311724,1.29182495015
100000,1.22855384255,100000,100000
100000,0.779534275899,100000,100000
100000,1.30548525052,1.19932568995,1.20211567753
100000,0.666321593719,0.862297154986,1.04920735158
100000,1.20669813159,1.29567710786,1.22062302753
100000,1.11024426424,1.24368251869,100000
100000,1.27734400232,1.18336445755,100000
100000,100000,100000,100000
100000,0.225779212103,0.256604083561,0.363170686666
100000,0.640256524994,0.51159021063,100000
100000,0.648922149711,0.751562104584,0.865350521396
100000,1.19924446181,1.23814507473,1.19624834269
100000,0.448362783249,0.507841198887,0.783966007773
100000,1.37936451694,1.2118033333,1.34814287389
100000,100000,1.29973885502,100000
100000,100000,100000,100000
100000,100000,0.987961139088,100000
100000,1.27970581347,1.38657775424,1.22093791403
100000,1.46021642236,1.10251204451,1.5032093339
100000,1.22282164495,1.3981519111,100000
100000,0.726811165347,0.663668170855,100000
100000,0.429921382333,0.402730700562,0.542778102164
100000,0.691188222134,0.691972099091,0.794588667542
100000,100000,100000,100000
100000,0.628819262122,0.82146875566,0.857710238725
100000,100000,0.785903456376,100000
100000,1.2446843263,1.20503771879,1.25553939646
100000,0.73361524031,100000,100000
100000,1.2132220521,1.54942899242,1.18661268226
100000,0.840836033905,0.848633641631,0.973340971827
-0.0257013540155,0.155241283138,0.256660830248,0.3509382327
100000,0.419632134963,0.635034949854,0.793446873356
100000,0.643134297629,100000,100000
0.222380159245,0.218846991726,0.26327446432,0.323666144189
100000,0.601429318545,0.699118934508,0.801124963498
100000,1.2797122905,1.21624849324,1.13831763314
100000,0.426741278313,0.521523280644,0.722911486737
100000,1.75082560172,1.27896956268,1.59631377393
100000,0.898067623087,0.821205560846,1.08063098976
100000,0.676970928185,0.826428007472,100000
100000,0.375138966799,0.595323155261,0.85193008624
100000,0.691023130933,0.643192467125,0.698017463894
100000,1.24238899475,1.26617860971,1.05629968568
100000,100000,100000,100000
100000,100000,100000,100000
100000,1.34847268731,1.50407903929,1.14927031667
100000,1.35277160055,1.34675633031,1.35477006834
0.202089778227,0.156361715025,0.310438548241,0.334841205332
100000,0.957044035181,0.92182103305,1.27014663647
100000,1.23841621299,1.47287336945,100000
100000,0.649041551648,100000,100000
0.196056731713,0.294948010201,0.236422491413,0.321388740843
100000,0.6621266969,0.570625714356,100000
100000,0.840639919997,100000,100000
100000,1.35277160055,1.34675633031,1.35477006834
0.104834854168,0.102105936581,0.138971780348,0.109485611133
0.25897535104,0.110032400884,0.165208353688,0.292813337163
100000,0.665478361765,0.703971464463,0.814365822138
100000,0.559747998426,0.664483370793,0.792733861714
100000,0.34851148816,0.450089050075,0.877900379554
0.0763652481535,0.162766196653,0.233252328544,0.302188453153
100000,1.1868060884,1.2762858713,1.22787142544
100000,1.25986926472,1.23657701401,1.27813903015
0.223323574486,-0.0328985082845,-0.0892364239595,-0.0441336725522
100000,1.30575093059,1.15505938082,1.29742134589
100000,0.459625445938,0.436777482324,0.438864038042
100000,100000,1.0028397194,0.917675598615
100000,1.35778098176,1.18058829296,1.12828005886
100000,0.791840897963,0.575857727816,0.585553826417
10000,10000,10000,10000
0.144543321597,0.372312753841,0.3701291729,0.424574040794
100000,100000,1.36633161922,100000
100000,1.27072329685,100000,0.799811444224
100000,0.689222234337,0.629198264824,0.769931245479
100000,1.19924446181,1.23814507473,1.19624834269
100000,0.621650442734,0.598796937749,0.748177776152
100000,1.46958369675,1.23406997672,1.39964242374
0.191033088799,0.187653377293,0.135362762772,0.109362012148
100000,0.125923194789,0.171338942173,0.28385817974
100000,0.558696563069,0.593150172555,100000
100000,1.23462146172,1.13060281878,1.21084360421
100000,1.22627492425,1.2330559179,1.18432250287
100000,1.13367740995,1.15874389532,1.27503968522
0.030712079337,0.219434645372,0.225712345392,0.265577606301
100000,1.05499869838,0.712230826859,1.24139472078
100000,0.588797918315,0.563048817309,100000
0.0,0.317233322199,0.356417848242,0.372946032954
100000,0.417188804499,0.444974606206,0.598051133505
100000,0.526622237686,0.536950087977,0.886040161966
100000,0.0951856141503,0.304374044879,0.335480038848
100000,0.663158537492,1.10244372567,100000
0.305460992614,0.742266453365,0.661998116157,100000
0.259142645091,0.286356312356,0.347187659873,0.274392071824
100000,0.671130238161,0.758135539165,0.726963965728
100000,1.23001623319,1.29107459726,1.18016836159
0.132364772464,0.225969635707,0.251569342625,0.284999837394
0.0481811071989,0.346102766071,0.356091934974,0.341566914815
100000,0.487623914611,0.43278928143,0.536319775522
0.188238314601,0.154003730718,0.218773134407,0.190390303168
100000,0.46421586405,0.410827954339,100000
100000,1.05132989987,1.33756528763,1.30856954127
100000,100000,0.743509325448,100000
100000,1.20669813159,1.29567710786,1.22062302753
100000,0.573907621006,0.437698401329,0.971825100105
100000,0.437575287019,0.679142684272,100000
100000,1.19924446181,1.23814507473,1.19624834269
0.0988014346515,0.271301030598,0.349018901348,0.382338847731
100000,1.19924446181,1.23814507473,1.19624834269
0.176567220048,-0.125764606626,-0.102049624315,-0.0616059258238
100000,1.27013261063,1.05914823393,100000
100000,0.328954395605,0.371928700292,100000
100000,0.461459308824,0.53258437476,0.586739361729
0.0650417229104,0.0947830699676,0.0791741394874,-0.0246753535643
100000,0.313727841065,0.33742105241,0.372946032954
100000,0.383822654345,0.456360333452,100000
0.185400751456,0.0849032119414,0.130373779263,0.132178728663
100000,0.168758508057,0.187956180701,0.163236972992
0.0199969662443,0.167308072421,0.226896702044,0.327025465063
100000,0.309923300127,0.699627201917,0.891379700695
0.296789421209,0.340836495064,0.29123501857,0.321331188579
100000,0.363355067075,0.51169158192,0.709812383993
0.0763652481535,0.186373825828,0.201854450208,0.191440076823
100000,100000,100000,100000
0.0481811071989,0.18270168113,0.169416892659,0.202920525314
100000,0.511593450593,0.56122052238,100000
0.0588962202916,0.258357462685,0.261609399613,0.317943952077
0.0804552892281,0.133200086018,0.148897719306,0.138335554431
0.0763652481535,0.246630909278,0.259857498198,0.208626466525
0.0,0.212059799882,0.204553886006,0.170516791817
0.1634456094,0.148122146319,0.223426311298,0.191159134359
100000,1.19924446181,1.23814507473,1.19624834269
-0.0481811071989,0.0913304459921,0.221206816392,0.132414156385
-0.0526672213931,0.0407841239621,0.125708130578,0.0884793800938
0.066418216295,0.221049400222,0.22573395972,0.231122422068
0.0481811071989,0.0617392048586,0.151066556843,0.136756158472
0.124546355352,0.0668575985026,0.149171786084,0.0978313626059
0.188238314601,0.151979217187,0.209298133722,0.226357790178
100000,0.124092246607,0.302749714218,0.326761824642
10000,10000,10000,10000
0.0247927052018,0.177792118927,0.207390030699,0.223597486871
0.124546355352,0.124369676287,0.223451026897,0.243359450882
100000,0.635773184722,0.645397863487,0.882172203366
100000,0.323350478432,0.327546259612,100000
100000,0.299558365671,0.249766528079,0.312795511847
0.331613362573,0.147697492716,0.318633676688,0.322273297217
100000,0.236193046802,0.199808320292,0.300981452954
0.226472389942,0.299699437711,0.219227938178,0.190754453287
100000,1.19924446181,1.23814507473,1.19624834269
10000,10000,10000,10000
100000,1.2969996335,1.35867190471,1.33425731983
100000,1.66474694519,1.25965030525,1.2359481031
0.254299148904,0.225659734707,0.103141675961,0.0903371143214
100000,0.771737280979,0.72536511836,0.749748834033
0.398302928508,0.47271388547,0.363627361396,0.401726008146
100000,0.320290375765,0.448294374698,0.538760897175
100000,0.301368639369,0.328953346496,0.325314765726
100000,0.168833015959,0.33549345663,0.345575951279
100000,0.584907411864,0.968325273178,100000
100000,0.555303299756,0.840180096102,100000
100000,0.528615737795,0.677014103755,0.551386240458
0.702262771946,0.499381394613,0.463884888465,0.571112732144
100000,0.563407088604,0.570291567304,0.577293806178
-0.0927967844505,0.184117856651,0.192901160831,0.149808039464
100000,0.690360711333,0.618605379326,100000
100000,0.452720914502,0.4693761451,0.320219104559
0.12298425266,0.291161100109,0.318764528379,0.326451553857
100000,0.320971128101,0.212082255868,0.13315576738
100000,0.662329656823,0.525152436693,0.76039022486
100000,0.377007696908,0.493525343652,100000
100000,1.19924446181,1.23814507473,1.19624834269
100000,0.99970476708,0.964074443746,100000
100000,0.461459308824,0.53258437476,0.586739361729
100000,0.497930201377,0.671799378694,0.841780712588
100000,0.475754250227,0.601288848028,0.498060941602
100000,0.316498328992,0.220862747979,0.163279626976
100000,0.412241576536,0.426987821353,0.336414391347
100000,1.11771996197,1.00058499703,100000
100000,0.419513482653,0.4022209785,0.416039197842
100000,0.682310757039,0.892254114884,0.527714188164
100000,0.328680043322,0.30613346005,0.172869508324
100000,0.591698556437,0.651773523295,0.672633121451
100000,1.00448406297,0.702276430639,100000
100000,0.410124742542,0.481872064889,0.47336786071
100000,0.45201473323,0.723434131028,0.810030995104
100000,0.547960838177,0.592219979232,100000
100000,0.308757081278,0.328125341586,0.410846841681
100000,1.11024426424,1.24368251869,100000
100000,0.845794280035,100000,100000
100000,0.658948680401,0.856569388298,100000
100000,0.316489687803,0.37583687101,0.305028704144
100000,0.599477332495,0.603552383135,100000
10000,10000,10000,10000
100000,0.45201473323,0.723434131028,0.810030995104
-0.0161126795708,0.117784330134,0.173605030693,0.172384084425
100000,1.19924446181,1.23814507473,1.19624834269
100000,0.941602674881,0.785135448224,0.868782610777
100000,1.19924446181,1.23814507473,1.19624834269
100000,0.845604438782,0.802678719539,0.904852577929
100000,1.39895365735,1.19934247723,1.15896640061
100000,0.702081990578,0.673890281358,0.663404613885
100000,0.996395347219,0.846374176227,100000
100000,0.427682510319,0.536215804013,0.629388284298
100000,0.643803423279,0.792544845526,0.854864911519
100000,0.768350772683,0.921457177649,0.978204234375
100000,1.51061075342,1.23724461262,1.3925486615
100000,1.33218736226,1.16383646167,1.30346122028
100000,0.512186387743,0.607170503308,0.467668848342
100000,1.40405705896,1.22728849336,1.20772870992
100000,1.10604781128,1.11356636219,100000
100000,1.28718935798,1.26963610726,1.03223772423
10000,10000,10000,10000
100000,1.33518450292,1.23625220094,1.16889186293
10000,10000,10000,10000
100000,0.311180574402,0.265311426018,0.238579680767
0.135261468445,0.297388098283,0.237434900653,0.156372591839
0.661221179124,1.04411145335,0.790764539177,0.894358337509
100000,0.460476501828,0.466821524589,0.372339825526
100000,0.75006976746,0.616463739019,0.66570188558
100000,0.229471478589,0.286281598987,0.265163007581
100000,0.841452679972,0.484431215498,0.589371107033
100000,1.02607015757,1.03406325881,0.855587907992
100000,0.223963305086,0.204342581394,0.105393521942
100000,0.599477332495,0.46829091469,0.329916218657
100000,0.548150743779,0.349427096107,0.390397535499
0.409723739483,0.497429355106,0.470024546209,0.458221542992
100000,1.39895365735,1.19934247723,1.15896640061
1.05208129516,1.35322078821,1.26842724809,1.25524945328
100000,0.613539927403,0.673077686357,1.00427082403
100000,0.702081990578,0.673890281358,0.663404613885
100000,0.748227616085,0.731360073465,0.976537011035
100000,0.735165126789,0.840112134607,0.803093618167
100000,0.971422326197,1.20241823305,100000
0.539257059896,0.591957178347,0.748448352946,0.80505355469
100000,0.238760418673,0.271754887671,100000
100000,0.388055938907,0.267814194386,0.320059230742
10000,10000,10000,10000
100000,0.725839321747,0.647133282069,0.90688224907
10000,10000,10000,10000
100000,0.702081990578,0.673890281358,0.663404613885
0.530572400263,0.382504094583,0.396487305639,0.486505453039
100000,100000,0.945386487478,0.82494944983
100000,0.744497585052,0.896786009223,0.79531461124
100000,1.00485502331,1.19467859647,1.17575063843
100000,0.523778183147,0.27373382042,0.463184073215
0.984960969884,1.33429292138,1.20123537847,1.16145549507
100000,1.27459708615,1.23832644054,1.0548289868
100000,0.702081990578,0.673890281358,0.663404613885
100000,0.744497585052,0.896786009223,0.79531461124
100000,0.0903088363095,0.143927393657,0.0798473279585
0.357458393676,0.0839607955518,-0.0940582087785,0.366504036914
100000,1.20669813159,1.29567710786,1.22062302753
100000,0.869218573944,0.860713573189,0.968112477387
100000,1.07572203873,1.08367352031,0.850645988733
100000,0.874120120043,0.884948394113,1.01390035775
100000,0.851179977965,0.663853587831,0.866516124582
100000,1.26130724529,1.16450464579,0.982354504059
100000,0.552062540704,0.597041631855,0.57401188627
100000,1.0448191658,1.02589191832,1.14743872185
100000,1.247243397,0.876852265235,1.03642625158
100000,0.358161906774,0.432926331412,0.396463190748
100000,1.28573609063,1.29751994398,1.24686992902
100000,1.03097343368,0.786136100092,0.823045068675
100000,1.1256092601,0.989873492749,100000
100000,1.03328505568,0.728503296296,0.82990732874
0.631188588081,0.576152306467,0.681923309113,0.702364541817
100000,1.21987065838,0.663749388066,100000
0.342915066864,0.309869173348,0.280604615709,0.253550427262
100000,0.647915766098,0.445487376789,0.386810957434
100000,0.702081990578,0.673890281358,0.663404613885
0.530572400263,0.382504094583,0.396487305639,0.486505453039
0.530768465393,0.31792921498,0.453991813851,0.5451174658
100000,100000,0.603552383135,100000
100000,0.648264913717,0.715442536951,0.814593452281
100000,100000,0.711277604432,100000
0.734409696587,1.01315150924,0.783619857516,0.795987427399
100000,0.284326365816,0.395279401397,0.517871329791
100000,1.18559928383,1.30482793787,100000
0.530572400263,0.382504094583,0.396487305639,0.486505453039
0.611812813702,0.8500967237,0.695156753255,0.791038533106
100000,0.640265971273,0.525401790272,0.56068542057
100000,100000,1.07952675558,0.947545895906
100000,0.887890808551,1.0007968991,0.971495508445
100000,0.244319637436,0.36686627163,0.295270183267
0.337628845461,0.0881552945667,0.140498130774,0.00159168964276
100000,0.522690897565,0.499363539978,0.572223949303
100000,100000,0.973765116751,100000
100000,0.829641374273,0.623147494794,0.985821129434
100000,1.13873013028,0.926059671804,0.964675928765
100000,100000,0.573191874065,0.681859429438
100000,100000,0.994966481951,0.837788804912
100000,0.921140799766,0.512385762717,0.57455313479
100000,100000,0.839046759044,0.910566153635
100000,1.1452668869,1.29511912884,1.20249529045
100000,1.22419217336,0.951620196492,0.971356633576
100000,1.19924446181,1.23814507473,1.19624834269
100000,1.40867389057,100000,100000
100000,0.697780495243,0.952733810729,0.871824832196
100000,0.528913746574,0.655902868524,0.535480896964
100000,0.545778505361,0.515672472312,0.47663041857
0.31042815125,0.130700521228,0.181680735121,0.231703241076
0.0459663953758,0.252799153756,0.181189475067,0.198530691806
100000,0.768686343193,1.02049363237,1.18002685775
100000,0.358212632582,0.659153525069,0.798642225424
100000,0.516273085726,0.674247104497,100000
100000,0.903322566661,1.37191787962,100000
100000,0.272384633528,0.455101396754,0.659946490251
0.0481811071989,0.267277378724,0.313388033944,0.293347148536
100000,1.13367740995,1.15874389532,1.27503968522
100000,1.1452668869,1.29511912884,1.20249529045
0.464521214093,0.236063828086,0.232127637731,0.0784852712766
100000,0.416758501604,0.388467746711,0.34557303336
0.399644011477,0.295277977206,0.244652718713,0.176661396632
100000,0.901183894455,0.781620438762,0.606441868776
100000,0.76276760005,0.794714053612,1.05395887205
100000,0.76957074363,0.794769950447,0.710653391691
100000,1.09803142456,0.836917607058,0.647459349187
100000,0.955233124731,0.855849140943,0.368253598592
100000,0.363692766398,0.620068795251,0.884140944919
100000,100000,1.0028397194,0.917675598615
0.511428472885,0.239317151584,0.282356720637,0.334654106192
100000,0.266624759357,0.326589261269,0.221563124698
100000,0.889201570307,0.753871524115,0.604250447654
100000,0.73107483554,0.720882528112,0.514790906775
100000,0.477574649936,0.533630034065,0.483319990127
100000,0.665703917253,0.630876250426,0.557358460539
100000,1.0150417184,0.78208623827,0.758465192826
100000,0.982013679391,0.715711401451,0.378582913812
0.568638843614,0.44780339029,0.29407061657,0.390450909295
100000,0.835605136744,0.815055363696,1.00770104745
0.250997231057,0.12721439207,0.216580828611,0.203540573787
100000,0.160443950216,0.166769322509,0.138705751165
100000,1.26415078042,1.40497487794,1.31816174147
100000,1.18184082585,1.283749439,1.24531257013
0.124546355352,0.283303156342,0.338149665215,0.39373159041
100000,1.21500525546,1.38142000726,100000
0.458048315556,0.259821533438,0.335329172498,0.222565386263
100000,0.689598891576,1.28359218849,1.22420049314
100000,1.35277160055,1.34675633031,1.35477006834
100000,1.19924446181,1.23814507473,1.19624834269
0.104239764345,0.0237518429604,0.0190903606362,0.0052327016573
100000,1.19924446181,1.23814507473,1.19624834269
-0.0427619502114,0.0379523084667,0.053138365952,0.161368297552
0.256993243176,0.0605244778055,0.164056252696,0.149019447219
100000,0.727642201588,0.822400580147,0.874333161862
0.274033784468,0.0445704489792,0.133757092197,0.0350234167099
0.251930273851,0.0240056224582,0.331248981789,0.369729998272
100000,0.784454177321,0.673706720187,0.846159416473
0.378004397173,0.148426871824,0.197812610635,0.283383182812
100000,0.594340975574,0.615300283228,0.6359840834
100000,0.645157941312,0.898149188331,0.990056533005
100000,1.19924446181,1.23814507473,1.19624834269
-0.0268886175882,0.184020677621,0.291285332682,0.30526135665
100000,0.606260070131,0.746655749165,0.916664745004
100000,0.395815660345,0.426202501285,0.426319920526
100000,0.741726993303,0.684525057883,0.684663119462
100000,0.333291684583,0.532864153646,0.533932983725
100000,0.681137514237,0.650333117584,0.841022542737
100000,0.419632134963,0.635034949854,0.793446873356
100000,100000,0.990120588863,100000
0.0963622143979,0.334561790958,0.275875562265,0.346616589723
100000,1.14539728097,1.33397569743,1.4851393469
0.105190044744,0.222962537362,0.275584396625,0.296215504297
0.218701697271,0.298089141674,0.330630281174,0.396807941981
100000,1.02243277036,1.26088364777,1.25149701697
100000,0.614617205497,1.07334981278,100000
100000,0.805253426891,0.81072727605,100000
1.0910311953,1.09546966385,1.2543616108,1.35347741745
100000,1.37936451694,1.2118033333,1.34814287389
100000,0.52854353772,0.691320438841,0.732916349226
100000,0.664273044694,0.999462252335,100000
0.348234538562,0.433784953361,0.475320098485,0.65611124626
100000,0.654190313779,0.772180306387,100000
100000,0.495777031646,0.931033132808,100000
100000,0.602404374067,0.860860396681,1.02602660636
100000,0.135541006056,0.260609981711,0.32269708476
100000,0.538007111375,100000,100000
100000,0.51043516,0.64948222583,0.70308444923
100000,0.654035242382,0.783147619399,0.677484839295
100000,0.563883292355,0.522752446722,0.719003699598
100000,0.759042650211,0.64352185004,100000
100000,0.444273037119,0.699072202005,100000
100000,0.717349931729,0.755307216203,0.725379713471
100000,0.421233367887,0.619314777521,100000
100000,0.275482640748,0.399032056531,0.483312947116
100000,0.237199641821,0.289259898209,0.200751493044
-0.0268886175882,0.184020677621,0.291285332682,0.30526135665
100000,0.398756119289,0.694592349724,0.789550537057
100000,0.61876982313,1.04161695434,1.16637564553
100000,0.778029511192,0.749537628793,1.1147873343
100000,0.676155675634,0.860770472483,0.934141571781
100000,0.397106394784,0.280995293331,0.43811954826
100000,0.487054973531,0.59092711605,0.595424132129
0.311929860871,0.215957414434,0.417707928487,0.60422613071
100000,1.19924446181,1.23814507473,1.19624834269
-0.0137509949018,0.175489388699,0.237993398935,0.323400057947
100000,0.451021662664,0.539060284702,0.525299333693
100000,1.1139107366,1.41061482705,100000
100000,0.467094636331,0.509700979736,0.583868923779
100000,0.531530611504,0.660919142683,100000
100000,0.826470287141,100000,100000
100000,0.711051736183,0.746411244234,1.11132598083
100000,0.601429318545,0.699118934508,0.801124963498
100000,0.37652086059,0.421742335742,0.556075988718
0.114432029443,0.134656230708,0.301251165786,0.349395146355
100000,1.01944674039,1.19514079872,1.22727146552
100000,0.148614920946,0.508514432682,0.946477593446
100000,0.493631025655,0.799735614291,100000
100000,0.467760587076,0.731873686401,100000
100000,0.299891078295,0.527798899065,0.817097557384
100000,0.37988968684,0.638504944314,0.760320715627
100000,0.473094355932,0.503105629261,0.681075838465
0.266473917147,0.00129580030645,0.0720193472081,0.311573281639
0.0963622143979,0.0995771863492,0.196280945296,0.291143102985
100000,0.665478361765,0.703971464463,0.814365822138
100000,0.370082587952,0.546989707402,0.822084753086
100000,0.608513527354,0.835824558992,0.823812000555
100000,0.593928323199,0.7449188273,0.754901869536
10000,10000,10000,10000
0.249092710705,0.12955327863,0.397122281814,0.410365691872
100000,0.485585985501,0.803703943869,100000
100000,0.387650505208,0.666110889909,0.663252246268
0.277078532996,0.0975456069476,0.283698262943,0.385287383435
100000,0.599400172953,0.809115333477,100000
100000,0.260421031617,0.402152550728,0.473034246295
100000,0.658603206481,1.45510313222,100000
100000,1.11062901797,1.21782161026,1.2538479689
100000,1.18758223185,1.36258952653,1.32029373739
100000,1.23001623319,1.29107459726,1.18016836159
0.510491236514,0.256027190125,0.452608990006,0.677714449349
100000,0.220817468919,0.593115982328,0.636131646875
0.0927135879781,0.0173583092118,0.11582614846,0.136617735581
100000,1.19924446181,1.23814507473,1.19624834269
100000,0.955218082169,100000,100000
100000,0.928389844864,0.934700735079,100000
100000,1.36638798695,1.38802043909,1.29792025902
100000,0.987192965886,100000,100000
100000,1.2626838716,1.44600704543,100000
100000,0.416722553814,0.41826910835,0.519987246086
100000,0.443069037358,0.525941460159,0.74128371625
100000,0.901190380161,1.23779457376,100000
0.109138648344,-0.0235010529381,0.0812424025991,0.0794483596122
100000,0.686281076842,0.893853081809,1.03371456832
100000,1.22472595988,1.17135539752,0.942716246566
100000,0.392500841536,0.625661347246,0.69248903812
100000,1.02236801888,100000,0.94253957321
0.0459663953758,100000,100000,100000
100000,0.821946724086,1.19241937353,100000
100000,0.362196445329,0.645621629608,100000
100000,100000,100000,100000
0.138382171063,0.108967258694,0.210207708256,0.23927669296
100000,1.19924446181,1.23814507473,1.19624834269
0.345695863453,0.0536410083166,0.244640002333,0.407118762389
100000,1.64125286898,1.2197893252,1.33924320959
100000,0.420631020557,100000,100000
0.152730496307,0.306734939486,0.271342550843,0.381403788864
100000,0.483832439466,0.672717939034,0.630322699849
10000,10000,10000,10000
0.858527737582,1.09025908321,1.1628711837,100000
100000,0.689598891576,1.28359218849,1.22420049314
100000,1.5292278246,0.989670502566,1.15279400946
100000,1.09851148575,1.32017836709,1.29847370969
100000,1.3366453327,1.45725833342,100000
100000,0.483832439466,0.672717939034,0.630322699849
0.46805689507,0.442621912826,0.762082216403,0.856510521831
100000,0.348678261628,0.323310609578,0.391370824337
0.211626716599,0.323443989609,0.375958865091,0.547763682938
100000,0.5438984429,0.725198351457,100000
100000,0.820375636642,1.0007498667,1.31967260917
100000,1.03139749948,1.29434396455,1.60513050484
100000,0.63593223483,0.716240827596,0.736243351954
100000,1.23001623319,1.29107459726,1.18016836159
100000,0.610325325275,100000,100000
0.326288312277,0.054583452563,0.2132044085,-0.0614055293742
0.0459663953758,0.255551228773,0.365055056571,0.438880639081
0.400851014319,0.191364345794,0.519597621146,0.532421507664
0.307156458239,0.17127057178,0.462267978985,0.474653743287
100000,0.321909276794,0.294959611119,0.362689671414
100000,0.557386554444,0.523543138017,0.826096064266
0.208235280846,0.25611550959,0.289736863583,0.122667119706
100000,0.699302550763,0.649001874404,100000
100000,0.186811149099,0.731942267802,100000
0.514633892935,0.406499704111,0.632658255688,0.798085244933
100000,0.483832439466,0.672717939034,0.630322699849
100000,0.687152032839,0.843418583961,0.915310627951
100000,0.707370690262,0.486017843621,100000
0.161710910926,-0.069829720608,0.0441861224852,-0.241218656557
0.237097579808,0.0987346524893,0.231528857935,0.404464191011
100000,0.611094284016,100000,100000
100000,1.08729608332,1.29086137844,1.41621792697
100000,0.869841684209,1.2648352747,1.50280457476
100000,1.31304239381,1.29541108846,1.20146319007
100000,0.220817468919,0.593115982328,0.636131646875
100000,0.260373127634,0.382791157794,0.479085690641
0.364234510942,0.0890135892874,0.190732799946,0.188569760174
1.08190498731,1.19986724404,1.2014159788,1.10996388451
10000,10000,10000,10000
1.0910311953,1.09546966385,1.2543616108,1.35347741745
100000,1.19924446181,1.23814507473,1.19624834269
100000,0.707053462796,0.671161056084,0.491162750085
100000,1.19924446181,1.23814507473,1.19624834269
100000,0.158144589689,0.184355564397,0.178991295149
0.929507875735,1.12582017932,1.14254934681,1.19011021672
100000,0.189697195297,0.200697273652,0.193918763495
100000,1.00413146052,1.25640151946,1.2252315717
100000,0.671572511668,0.817426126549,0.921477198623
0.202755495294,0.00680667890249,0.0558245859762,-0.0347244222044
100000,100000,100000,100000
0.426336450456,-0.0396211109281,0.131870848625,0.102450820416
100000,0.364933406913,0.586118755998,0.640174548611
100000,100000,100000,100000
100000,0.314876803495,0.395317102289,0.5082075014
0.43860648576,0.512812625044,0.632575809503,0.629391599574
100000,0.727108654614,0.649206480875,0.670304181886
100000,1.1452668869,1.29511912884,1.20249529045
100000,0.872270645022,1.3242114693,1.46246788919
100000,1.19924446181,1.23814507473,1.19624834269
100000,0.546371845181,0.478282141938,0.630624892083
100000,100000,100000,100000
-0.030712079337,-0.0159454933344,0.192855006211,0.263867441075
100000,1.28627432188,1.29806310815,100000
0.840044014823,1.19331850937,1.33349342461,1.34853063289
100000,0.703829698344,0.914123243125,0.855838436208
100000,1.40744105859,1.28635651969,1.22351728349
100000,0.631093891916,0.612405560006,0.756156762039
0.429143850596,0.378301304677,0.448787208384,0.598273761422
100000,0.955218082169,100000,100000
100000,0.577261040806,0.725495703167,100000
0.0459663953758,0.101739596256,0.187717576796,0.174349204814
100000,0.61854178689,0.692733576917,100000
100000,0.979001407663,0.81511626011,100000
100000,0.739604643368,0.703004546053,0.844417351906
100000,100000,0.911081026804,100000
100000,0.459806009867,0.469274366325,0.287612159586
100000,0.223614430969,0.313780589762,0.411992021493
100000,1.19189232005,1.3846562583,1.34734550732
100000,0.536303693688,0.820292466414,0.725019544015
100000,0.903673773468,1.11939121444,100000
100000,0.729007415539,0.735262518445,0.7800860651
100000,100000,100000,100000
100000,0.584188650919,0.620214302364,100000
100000,1.52074495697,1.12338207573,1.54365396237
10000,10000,10000,10000
100000,0.24667846023,0.342118592765,0.367480361476
0.0588962202916,0.31929250848,0.267871093372,0.434139455574
100000,1.11771996197,1.00058499703,100000
100000,0.842511570958,0.910561759698,100000
0.591252675635,0.209828870776,0.346238088178,0.644861485963
100000,0.528967804977,0.652236068951,0.94019690528
0.929507875735,1.12582017932,1.14254934681,1.19011021672
100000,0.393030145422,0.733380669514,100000
100000,1.00448406297,0.702276430639,100000
0.176485709944,0.239081283537,0.32624666022,0.0878941606173
100000,0.170434529807,0.308399330446,0.376938315775
100000,0.99004568673,1.23392798158,1.34261940535
100000,1.22279945331,1.18285194281,1.36894151637
100000,0.387554434948,0.622008809615,0.94100905898
100000,0.412903918853,0.370825258728,0.411992021493
100000,1.31443284696,1.34848726255,1.36390603455
100000,0.742855367797,0.984802314829,1.1506376713
100000,0.868155981683,1.13385429735,100000
100000,0.403107338827,0.512550391254,0.679505095685
0.503918779843,0.473681964502,0.397087032565,0.636817434227
0.793923491888,1.3304657554,1.50547434367,100000
100000,0.440713053022,0.641402369429,0.8243302345
100000,0.500484868429,0.681549965861,0.911518054343
0.135261468445,0.343653294055,0.390415358715,0.420257303886
100000,0.973887310823,1.09117561112,100000
100000,0.485408490273,0.427157636739,0.715409960351
100000,0.422540981665,0.716941732836,0.702261892389
100000,0.295822840678,0.41435140011,0.48143324776
100000,1.3129660606,1.26161144374,100000
100000,0.944198500256,0.789789008537,0.900829859768
100000,0.891109089105,0.692806132989,1.00614668805
100000,0.297167508175,0.384132834358,0.484847034457
100000,0.535498111263,0.863647466059,0.838605271168
100000,0.344194974038,0.367877418283,0.438880639081
100000,1.27970581347,1.38657775424,1.22093791403
100000,1.35789739757,1.33941569858,1.48529133301
100000,100000,0.958098219787,100000
10000,10000,10000,10000
0.509541190138,0.316616977008,0.00516045860505,0.431337664074
100000,1.20750150456,1.14766065877,1.43575824875
100000,0.561118175891,0.682048086625,100000
100000,100000,100000,100000
100000,1.38156614769,1.18975829929,1.43089297974
10000,10000,10000,10000
100000,0.459253713037,0.356191452947,0.567543865868
10000,10000,10000,10000
0.0963622143979,0.113763931819,0.203640256689,0.194756479895
10000,10000,10000,10000
10000,10000,10000,10000
100000,1.58038471342,1.20316982451,1.43951973114
100000,0.802353076661,0.538902892258,0.680195614125
10000,10000,10000,10000
100000,1.47272146469,1.20488928031,1.10109966795
100000,1.31084151327,1.16775186606,1.53937899914
100000,0.611939641413,0.611539105311,100000
0.468455631934,0.301289673861,0.479700196286,0.530071406217
100000,0.3224810097,0.225125737934,0.338864103402
100000,0.502415143203,0.91131421887,100000
0.165770596851,0.125639936479,0.12032275448,0.0380958804041
100000,0.797236319186,1.22439043677,100000
100000,0.97540018106,1.11175788541,0.960686555878
100000,1.19924446181,1.23814507473,1.19624834269
100000,0.912594898347,0.934243275886,1.07516116066
100000,0.861237999298,100000,100000
100000,100000,100000,100000
100000,0.708676513541,0.763271135172,100000
100000,0.967642496102,0.839870138122,1.04393686747
100000,0.393480995284,0.463804551007,0.567543865868
100000,0.925297260387,1.35703419466,100000
0.452635614165,0.412071750002,0.35872051135,0.477648427922
100000,0.278883937373,0.334580944675,0.392914243706
100000,0.50460273132,0.660129887473,0.731718517278
0.200911603506,0.218918818713,0.243051147669,0.248957011407
100000,0.551017902793,0.463194340924,0.735557874197
100000,0.420782466197,0.442972916705,0.671220837472
100000,0.35096082788,0.249236724261,0.469826919039
100000,100000,100000,100000
100000,0.499066507447,100000,100000
100000,0.1998669343,0.254587862942,0.355551682235
100000,0.425608632395,0.537963334585,0.739931762295
100000,0.238412103856,0.231813083666,0.247517395302
100000,0.289874417034,0.430495298946,0.517504810648
100000,0.494789687947,0.652210809885,0.610223324324
100000,0.524121191354,0.677567101941,0.56977899194
100000,0.919332740141,100000,100000
100000,0.847980779236,100000,0.856563791366
100000,0.761121573658,0.890034720515,0.737235577231
100000,0.469314733745,0.593150172555,100000
100000,0.667469794265,0.759099345774,100000
100000,0.310415174222,0.398045782643,0.537755336786
100000,0.456687292485,0.62945906121,0.774379634759
0.1564887437,0.321858698655,0.42738954178,0.511957902186
0.245119592525,0.285342599766,0.345159203481,0.369743013827
100000,0.771461432679,0.59164557403,100000
100000,0.647629036145,0.610099126287,0.716109520591
100000,0.757140749003,0.620991697145,100000
100000,0.25998789255,0.391441437179,0.528832940986
100000,0.401290155852,0.418586244568,0.409759533561
100000,0.538177856771,0.59329957455,0.509244120729
100000,0.501783913912,0.634264051115,100000
0.393129537166,0.123065025242,0.170026578378,0.236728921037
100000,1.40224472191,1.1765217009,0.841125919188
0.364234510942,0.0890135892874,0.190732799946,0.188569760174
100000,0.728593216175,0.706701199042,0.765096020763
100000,1.3366453327,1.45725833342,100000
0.00604821688646,0.277921390569,0.244904417656,0.256752881662
100000,0.343830126959,0.47271779298,0.761359433683
100000,1.14539728097,1.33397569743,1.4851393469
100000,1.23001623319,1.29107459726,1.18016836159
100000,0.660137771033,0.789765246266,0.65418013903
100000,1.64125286898,1.2197893252,1.33924320959
100000,100000,0.712349943559,100000
100000,1.71732749878,1.12464257739,1.21987122626
100000,100000,0.473666987984,0.491319495485
100000,100000,1.15609265845,100000
100000,100000,1.13272706492,100000
100000,1.13208622507,1.37170039644,100000
100000,0.517706223267,0.403292108159,100000
100000,1.1452668869,1.29511912884,1.20249529045
0.380526938556,0.447661651602,0.353846224522,0.450563187184
100000,1.19924446181,1.23814507473,1.19624834269
100000,0.822043756016,0.629468425518,0.992301451744
0.356582565486,0.336331822118,0.286935559443,0.271822675465
-0.0155108520501,0.302846232002,0.256093760536,0.453702123915
100000,100000,0.895030097529,100000
100000,0.958462723567,0.616250152719,0.883550301233
100000,1.42431503117,1.34390664241,100000
100000,100000,100000,100000
100000,1.28427010833,1.14721964675,1.28418474617
100000,1.39684966704,1.22882712821,1.13995236874
100000,1.53024345785,1.34671004225,1.46035295406
100000,1.40633922334,1.39787699475,1.55744908501
100000,0.701941706229,0.677168713806,0.646827483128
100000,0.626496362861,0.596474888947,0.632837574847
100000,1.19876494529,1.24200398393,1.42860012164
100000,0.848197946717,1.19908786651,1.35991366059
100000,100000,0.738277068622,0.791820523315
100000,100000,100000,100000
100000,1.27402110229,1.17327417105,1.25925731711
100000,0.567284656002,0.456360333452,0.522946293446
100000,1.28718935798,1.26963610726,1.03223772423
100000,1.68646934871,1.2522487229,1.34921598743
100000,0.536192675083,0.690316404286,0.956247160513
100000,1.25234291845,1.08568825474,1.10116724873
100000,100000,100000,100000
100000,100000,1.01476654367,100000
100000,1.47514150397,1.19798646885,1.41736327092
100000,0.406385772005,0.333830047509,0.278174309715
100000,0.755727972787,0.817703576801,0.803272530302
100000,0.673569759654,0.626950207646,0.669158323217
100000,1.2446843263,1.20503771879,1.25553939646
100000,0.270230499575,0.233180104821,0.361385827023
100000,1.01706334914,0.594994250095,100000
100000,0.394807481596,0.246559724162,0.431842253246
100000,1.32635362198,1.24173278197,1.28435357968
100000,0.313448494781,0.371322920201,0.505559219406
100000,0.434348068269,0.466749627397,0.7475679573
100000,1.66474694519,1.25965030525,1.2359481031
100000,1.38050511931,1.25774617557,1.14156538997
100000,1.19547056094,1.27997257171,1.34948392435
0.54224180591,0.454411932804,0.433621007362,0.493918236027
100000,1.31084151327,1.16775186606,1.53937899914
100000,0.851095208469,0.63703132348,100000
100000,1.32764189234,1.23144725411,1.35601017927
100000,0.948512032382,0.699584283202,0.874377345438
100000,1.58038471342,1.20316982451,1.43951973114
100000,0.95639390228,0.751870244849,1.1983692733
100000,100000,1.68720871035,1.38929282479
100000,0.418085684908,0.344050158325,0.551194471784
100000,1.07879960623,0.987840903739,100000
100000,1.4698932375,1.07455744291,1.2736377809
100000,1.47272146469,1.20488928031,1.10109966795
100000,1.63473345716,1.16648046321,100000
100000,0.988832636568,0.610757517269,0.825126477193
100000,0.479642426296,0.272153793028,0.29740239731
100000,1.15569072991,1.15897915007,1.40989432345
100000,1.1452668869,1.29511912884,1.20249529045
100000,0.734644977587,0.557179898559,100000
100000,1.0759458691,1.15340912938,1.18252844295
100000,1.64887599647,1.24773470073,1.60082498423
100000,1.00485502331,1.19467859647,1.17575063843
100000,1.2081546582,1.18396626437,0.984544668248
100000,1.69190869521,1.22417971595,100000
100000,1.13265158286,0.992322845908,1.18073759183
100000,1.19924446181,1.23814507473,1.19624834269
1.08190498731,1.19986724404,1.2014159788,1.10996388451
100000,1.33608439066,1.12824241368,1.15696748403
100000,0.753542448551,1.05897537798,100000
100000,1.55971930982,1.27587405961,1.22041985915
100000,0.975773766818,0.904857316587,0.952266212754
100000,1.2081546582,1.18396626437,0.984544668248
1.06313426375,1.33380334333,1.25348658077,1.33090122114
100000,0.94417408987,1.12895136902,1.03331667522
100000,0.150237230394,0.266104117267,0.248576739049
0.111873066448,0.133638143145,0.208683567793,0.207485884569
100000,0.592321217296,0.43942080432,0.651838108179
100000,1.01944674039,1.19514079872,1.22727146552
100000,1.00413146052,1.25640151946,1.2252315717
100000,0.404708465253,0.508137223411,0.694032166772
100000,1.1452668869,1.29511912884,1.20249529045
100000,1.05369110427,1.00690954348,100000
100000,1.24578537857,0.921140076681,1.16543776649
0.536992669296,0.449562954828,0.754324884951,0.816022209541
100000,100000,0.636518822121,100000
100000,1.13218327398,1.3062756544,1.31005035556
100000,0.34851148816,0.450089050075,0.877900379554
100000,0.5130362864,0.703100459323,0.717455781349
0.180592081488,-0.0653862436367,-0.189729295165,-0.0298662965254
100000,1.19924446181,1.23814507473,1.19624834269
100000,0.533594696024,0.382304994662,0.362774304715
100000,0.298671912814,0.398226494749,0.484941859473
100000,0.562362566107,0.626792560595,0.867153221094
0.133307527085,0.15896358982,0.119355315129,0.047756911135
100000,0.732847049851,0.690379142922,0.802048055348
100000,1.1452668869,1.29511912884,1.20249529045
0.0189022878029,0.0816930052986,0.0663633657649,0.0322872770896
100000,0.553011753232,0.546426322386,0.613914896124
100000,0.453393225172,0.516896793769,0.453734477463
100000,0.215533407788,0.196048013331,0.181738709522
0.155258434689,0.0594806922266,0.0821539220646,0.17798773186
0.99545561895,1.19631042665,1.20515917367,1.35066655183
0.133307527085,0.15896358982,0.119355315129,0.047756911135
100000,1.64125286898,1.2197893252,1.33924320959
100000,1.1269909397,1.21612482832,1.24555394258
0.984960969884,1.33429292138,1.20123537847,1.16145549507
100000,1.21966234243,0.864736454056,0.835049857384
1.02566221233,1.26747645055,1.18204749743,1.06568855091
0.840044014823,1.19331850937,1.33349342461,1.34853063289
100000,1.45864620405,1.25528966779,0.981443716271
100000,1.33710919515,1.27244034566,1.29886943678
0.928964517847,1.22722068908,1.07129584281,1.28255360745
-0.0342323578411,0.179541558618,0.284979075479,0.368422280119
100000,1.19924446181,1.23814507473,1.19624834269
0.0459663953758,0.205234717424,0.405713380513,0.484847034457
100000,0.460915998919,0.62746636158,0.780577327772
100000,1.14539728097,1.33397569743,1.4851393469
100000,1.14878143564,1.38854861968,0.809923774944
100000,0.63698387267,0.555991145662,0.752779662555
100000,0.639641688813,0.67574777032,100000
100000,0.928389844864,0.934700735079,100000
0.0681780734433,0.229958816813,0.196616122852,0.314795787688
100000,0.611094284016,100000,100000
100000,0.362780679534,0.381486906362,0.458206495268
0.426336450456,-0.0396211109281,0.131870848625,0.102450820416
100000,0.874884030668,1.32484632589,100000
-0.0607642694679,0.311180574402,0.312517399366,0.411992021493
10000,10000,10000,10000
100000,1.14598528377,1.00779239803,100000
100000,1.23001623319,1.29107459726,1.18016836159
100000,0.362780679534,0.381486906362,0.458206495268
100000,0.76583522936,0.908376099178,100000
100000,0.387494313006,0.498053389868,0.68503836375
100000,0.539797648326,0.705481524706,0.874722793022
10000,10000,10000,10000
0.505990143191,0.810458285029,0.68147480236,0.937321967971
100000,1.53024345785,1.34671004225,1.46035295406
100000,1.19924446181,1.23814507473,1.19624834269
100000,0.115664323325,0.145882071421,0.162946819283
100000,1.07574413326,1.52138123887,1.22927584426
100000,1.30815348419,1.61007387506,1.34094011198
100000,1.3258218318,1.40293231865,1.16326026004
100000,1.37843504628,1.22000508002,1.29930582289
100000,1.40744105859,1.28635651969,1.22351728349
100000,1.39640021011,1.5106115405,1.19356188134
0.929494662946,1.14726906129,1.42190733712,1.12854833849
100000,1.45677521078,1.33249653424,1.32476392396
0.371349096563,0.322849075788,0.311581810866,0.420283562293
100000,1.50845143805,1.35052589623,100000
100000,100000,100000,100000
100000,1.60955806861,1.44528650938,1.58799659877
100000,2.04469974026,1.52998884629,100000
0.27727685166,0.517010674315,0.319831836951,0.235404177346
100000,1.31125641542,1.39565513888,1.53656460207
100000,1.1876281809,1.39845880191,1.29181826827
100000,0.272825590308,0.237349364812,0.105602318056
100000,1.59517748985,1.32917082388,1.46613018031
100000,0.355747563725,0.321459015064,0.273546137828
100000,0.109908989515,0.287032367677,0.325083130112
100000,1.545485179,1.425380725,1.25979302128
0.30829855576,0.0538448273884,0.241004731333,0.359277566467
0.592243807148,0.376475405816,0.463076241437,0.628535997696
100000,1.35533680749,1.3382341555,1.15264501656
100000,1.37345245172,1.32452448389,1.30257044632
100000,1.3331511771,1.44479634281,1.47253206861
0.172952780883,0.245784978467,0.238410091561,0.362987296288
100000,1.08729608332,1.29086137844,1.41621792697
10000,10000,10000,10000
100000,1.14502534206,0.914920399956,0.971587685217
100000,0.716789773732,0.86644914628,100000
100000,1.10861821988,1.30061894568,100000
100000,1.19347908199,1.25894436511,1.16513899348
100000,0.875354907458,1.23805025706,1.51778230319
100000,0.47538673212,0.697995374454,0.96083037711
0.543268124621,0.325804309987,0.553350252674,0.544795913646
0.662818669843,0.534785804379,0.770778638449,0.80322986295
100000,0.463803666676,0.616998063665,0.585101180512
-0.170967605403,0.0047246664133,0.104229062403,0.108972458414
0.364261203713,0.353033325916,0.276432190165,0.493365002048
0.579551110769,0.463225424771,0.799045390877,0.764614900931
100000,0.731658886832,0.723130602205,0.724970143423
100000,1.45677521078,1.33249653424,1.32476392396
100000,0.789413901132,0.588272172019,0.853257357724
100000,1.23311671537,1.26020855772,1.25255957837
100000,0.99335564361,1.06438904117,1.02357462084
100000,1.19924446181,1.23814507473,1.19624834269
0.137302940426,-0.031885761849,0.194455879625,0.0468415627276
0.929494662946,1.14726906129,1.42190733712,1.12854833849
100000,1.23001623319,1.29107459726,1.18016836159
100000,1.2081546582,1.18396626437,0.984544668248
100000,1.20532812968,1.45996622106,1.29140390893
0.325411971001,0.113321317833,0.212464123602,0.210723733864
100000,1.36168862165,1.33646672463,1.40317433258
0.91392540628,1.00860600881,1.28405321657,1.30689744435
100000,1.13351385782,1.29832157332,1.23685990787
1.0910311953,1.09546966385,1.2543616108,1.35347741745
100000,1.31304239381,1.29541108846,1.20146319007
0.134512693042,0.0942787475949,0.192494892478,0.17805640239
100000,1.19924446181,1.23814507473,1.19624834269
0.0,0.0894358328956,0.175482270392,0.169569497754
100000,0.32004652807,1.08474119969,100000
0.354282755449,0.409930916149,0.631897363338,0.678879799918
0.164540287841,0.252791398086,0.385103343174,0.399868086113
100000,0.606585111176,0.814919752692,100000
0.0481811071989,0.211133433198,0.356908526439,0.415540627675
100000,1.3380116847,100000,1.25327633501
0.41022798517,0.344246724456,0.530370174971,0.645496306755
100000,1.34961484922,1.77455888516,100000
0.114599323494,0.044298350027,0.208616370801,0.298528083151
100000,1.42694532481,100000,100000
100000,0.913882153111,0.793910661637,0.950138400546
0.300750074466,0.112679730535,0.209568928679,0.194301915344
100000,1.19924446181,1.23814507473,1.19624834269
0.222091039361,0.48700308737,0.535795712172,0.543027720013
10000,10000,10000,10000
100000,0.235859601504,0.328898885994,0.307295897894
100000,1.48041925498,1.51045883644,1.52660032388
100000,0.814997763704,0.821598951065,0.621493898317
0.577233592724,0.786460436993,0.660968536841,0.584825157187
100000,0.826854483044,1.68045763054,100000
100000,1.6771071331,1.26148968903,1.49642330119
100000,0.442849856463,0.290335545454,0.455256962835
10000,10000,10000,10000
100000,0.574077758937,0.871577373744,1.01831227502
10000,10000,10000,10000
100000,0.306017061461,0.57747375848,0.556683720917
100000,1.42647542761,1.43954916597,1.08459894429
100000,0.33334600177,0.507190168737,100000
100000,0.713565081166,0.779622632377,100000
100000,1.07373036223,1.28519021917,1.34806817076
0.240905535995,0.180079582573,0.450298753539,0.512539245522
100000,1.42647542761,1.43954916597,1.08459894429
100000,1.17136637667,100000,100000
100000,0.606028421032,100000,100000
10000,10000,10000,10000
10000,10000,10000,10000
100000,0.367552443845,0.529705197479,0.574658178391
100000,1.47308602415,1.37822439068,1.22409549726
100000,0.895793183718,0.951034813204,100000
100000,1.19884498818,1.43677915761,1.3081897549
100000,0.234312788961,0.294977605557,0.35235863017
100000,1.19924446181,1.23814507473,1.19624834269
-0.188238314601,0.320925020382,0.385602159609,0.372946032954
100000,1.41421443227,1.36968786452,1.02679066625
0.738251214496,1.36772831819,1.33528910924,1.36719870484
100000,1.40480091327,1.63440112516,1.29361424046
100000,0.793266888033,0.868458913313,100000
100000,0.989035729495,100000,100000
100000,0.700768779564,100000,100000
100000,100000,100000,0.688768702453
100000,1.6771071331,1.26148968903,1.49642330119
100000,100000,1.57251729568,100000
-0.0408574298591,0.0620989834641,0.202833064804,0.270886121569
100000,1.19924446181,1.23814507473,1.19624834269
100000,1.35533680749,1.3382341555,1.15264501656
0.0481811071989,0.218779049461,0.323162663968,0.341772824395
100000,1.27839619637,1.02158522795,1.05343197114
100000,0.459968217509,0.621978837128,0.833103636175
100000,1.269788207,1.3448139316,100000
100000,0.311294225201,0.430493904461,0.499645424918
0.187259805343,0.102802488422,0.0556105385056,0.180921327763
0.720551327842,0.441363340428,0.569968786305,0.805227944
100000,1.12332245042,1.22465353957,1.37486694616
100000,0.683383997534,0.611913403775,0.731265995688
100000,1.09851148575,1.32017836709,1.29847370969
100000,0.237631836671,0.3646590617,0.372298714886
10000,10000,10000,10000
10000,10000,10000,10000
-0.00458478084587,0.410373469243,0.318300424942,0.475005986916
100000,0.481521259725,0.642186560519,0.788937188791
100000,0.782742744902,0.936161057986,1.00573377655
100000,0.869342957005,1.09535316692,100000
100000,0.567228676896,0.669070643506,0.810308558111
100000,0.428848641841,0.538126561364,0.539703619736
100000,0.35152444946,0.511460890395,0.743447159772
100000,0.549159945755,0.770524403504,100000
100000,0.773262256585,100000,100000
100000,1.28938354091,1.4095633843,100000
0.202089778227,0.156361715025,0.310438548241,0.334841205332
100000,1.23841621299,1.47287336945,100000
100000,1.39202889047,1.34620954996,1.06751053063
100000,0.6621266969,0.570625714356,100000
100000,0.817831717133,0.873382084081,100000
100000,100000,100000,100000
0.193444752801,0.0932278754481,0.183230226726,0.177489799745
100000,1.19924446181,1.23814507473,1.19624834269
100000,1.36991102354,1.34144985669,1.23646986863
100000,1.3174958713,1.23365932939,1.396881585
100000,0.487604266047,0.555371275936,0.460026394201
100000,100000,100000,100000
0.356118299716,0.442134008979,0.418166915095,0.530131411494
0.227796442249,0.313488565106,0.384922454053,0.361448421388
100000,1.21308014885,1.22132627055,100000
100000,0.456713099913,0.92465126184,1.10998911599
0.840044014823,1.19331850937,1.33349342461,1.34853063289
100000,1.19924446181,1.23814507473,1.19624834269
0.840044014823,1.19331850937,1.33349342461,1.34853063289
100000,0.524121191354,0.677567101941,0.56977899194
100000,0.410637375878,0.531131157604,0.638481270362
100000,0.321833862592,0.466010039475,0.592781925157
100000,100000,100000,100000
100000,1.17900203494,1.29558613075,1.06266737623
100000,1.2626838716,1.44600704543,100000
100000,0.443069037358,0.525941460159,0.74128371625
100000,1.36168862165,1.33646672463,1.40317433258
100000,0.601381468716,0.588807707641,0.531809699599
