1.10002779239,1.13719296419,1.16676526304,1.24295198111
100000,100000,100000,0.710057461467
0.651583623133,0.526310901862,0.954522859625,0.301735200428
10000,10000,10000,10000
100000,0.267938804389,0.252037282526,0.274055272022
1.10847341487,1.12586670855,1.13220537746,1.18908513986
1.10002779239,1.13719296419,1.16676526304,1.24295198111
100000,0.218565038892,0.209290808923,0.236491582357
1.10002779239,1.13719296419,1.16676526304,1.24295198111
100000,0.111834374048,0.173179591735,0.14528355828
100000,0.107913846819,100000,0.115409081064
10000,10000,10000,10000
100000,0.433395815132,0.39883524715,0.357378781522
10000,10000,10000,10000
0.548105878303,0.462001892537,0.795364088018,0.282653379314
0.659066497516,0.515299492962,0.663524243121,0.320797105559
1.13445988651,1.06713843369,1.07628726437,1.1694014635
100000,0.340968810909,0.54287445487,0.328135543465
100000,100000,1.46916358254,1.3758438153
0.314412577119,0.326715431844,0.550004594867,0.198289465964
0.252819756501,0.0884086517613,0.404238117572,0.113192805124
0.540776613607,0.459578888256,0.470881352041,0.213697243202
10000,10000,10000,10000
100000,0.208014288936,0.694168672125,0.229189136436
100000,0.466264084438,0.233694255004,0.394812962391
10000,10000,10000,10000
1.00362430541,1.01819744096,1.0599320755,1.12105469975
100000,1.10252775598,1.02095288915,1.21239640308
10000,10000,10000,10000
0.180215425972,0.171969220319,0.202678412922,0.227896413663
10000,10000,10000,10000
100000,0.312704463666,0.283664768059,0.317838650161
100000,0.154499267135,100000,0.135802253539
0.639783864917,0.544061109314,0.801025814364,0.402029630342
10000,10000,10000,10000
1.10002779239,1.13719296419,1.16676526304,1.24295198111
0.414210086993,0.258013589284,0.632316225803,0.143708540886
100000,1.19997891278,1.2078805284,1.27291408912
100000,1.12163111078,1.07215290552,1.10459686915
100000,1.09618068022,1.06630900607,0.919021846822
0.211949787232,0.177605414711,0.206741129462,0.268827961001
1.13445988651,1.06713843369,1.07628726437,1.1694014635
100000,1.10252775598,1.02095288915,1.21239640308
100000,0.40794675415,0.289580304633,0.407712313279
100000,0.402432531116,0.356402440498,0.474635604329
100000,100000,1.46916358254,1.3758438153
0.314412577119,0.326715431844,0.550004594867,0.198289465964
0.252819756501,0.0884086517613,0.404238117572,0.113192805124
0.540776613607,0.459578888256,0.470881352041,0.213697243202
100000,0.236473861275,0.266583014942,0.22632640632
0.955564704349,1.01232575335,0.975978315373,1.00583048458
0.505808584296,0.3336478898,0.284502952135,0.0965885718165
0.558858732608,0.381589946829,0.457937899324,0.215118947423
1.10002779239,1.13719296419,1.16676526304,1.24295198111
100000,0.373226130627,0.936699185726,0.29992554289
0.564076436806,0.353464223351,0.450600310467,0.18477782896
100000,0.483665852092,0.338499802753,0.441405553869
0.449985240149,0.270652435817,0.505775389211,0.228521011249
0.414210086993,0.258013589284,0.632316225803,0.143708540886
0.68339697292,0.574129800319,0.683742856996,0.373191992224
100000,0.471855936606,0.606430593735,0.31759084138
100000,0.236953133492,0.618222399794,0.24075036093
0.529205074972,0.480606893707,0.78930020789,0.388733785137
100000,0.280968999081,0.679879583542,0.244194539796
100000,0.222830487244,0.26102019174,0.299450128771
100000,0.591466118882,0.730096780114,0.473050182523
0.591783014763,0.453765559528,0.65434577558,0.269230978631
0.211949787232,0.177605414711,0.206741129462,0.268827961001
0.659066497516,0.515299492962,0.663524243121,0.320797105559
1.13445988651,1.06713843369,1.07628726437,1.1694014635
100000,0.40794675415,0.289580304633,0.407712313279
100000,0.402432531116,0.356402440498,0.474635604329
100000,100000,1.46916358254,1.3758438153
0.314412577119,0.326715431844,0.550004594867,0.198289465964
0.252819756501,0.0884086517613,0.404238117572,0.113192805124
0.540776613607,0.459578888256,0.470881352041,0.213697243202
0.173287301422,0.195872488448,0.224390924131,0.252244991697
1.10002779239,1.13719296419,1.16676526304,1.24295198111
0.200749775744,0.0790928221831,0.135293248014,0.114685581401
100000,0.968003483758,0.96961917117,0.893047243758
0.945658744499,1.0375778924,1.10258444018,1.09788095234
100000,1.03127155195,1.18942293128,1.10717310139
0.45023410066,0.306021906988,0.28178437618,0.341237312853
0.144466514749,0.135737869663,0.154953346963,0.125362659334
10000,10000,10000,10000
0.603310824946,0.566385972917,0.653127148174,0.0823434473746
100000,1.06080799142,1.19028529436,0.982746094083
100000,1.09795066814,1.12116579182,1.13452933943
100000,0.251700560589,0.280250127064,0.281032461887
100000,0.847774279818,1.33764643747,0.678514730915
100000,1.07655858016,1.20446656789,1.1294767749
100000,0.465265914011,0.27292137361,0.365562911828
0.616135108112,0.510913611399,0.637402172437,0.323388065414
100000,0.952683926054,0.982148205251,1.14556644244
0.211949787232,0.177605414711,0.206741129462,0.268827961001
0.659066497516,0.515299492962,0.663524243121,0.320797105559
1.13445988651,1.06713843369,1.07628726437,1.1694014635
100000,1.10252775598,1.02095288915,1.21239640308
100000,0.40794675415,0.289580304633,0.407712313279
100000,0.402432531116,0.356402440498,0.474635604329
0.524827338442,0.35527230393,0.20125449817,0.214966956325
100000,100000,1.46916358254,1.3758438153
0.314412577119,0.326715431844,0.550004594867,0.198289465964
0.400567795662,0.182806009988,0.519090629927,0.152012912499
0.252819756501,0.0884086517613,0.404238117572,0.113192805124
0.540776613607,0.459578888256,0.470881352041,0.213697243202
0.260800201067,0.358563519204,0.401703655154,0.383446070684
1.10002779239,1.13719296419,1.16676526304,1.24295198111
1.03691459073,1.04278333967,1.14388638569,1.13870559535
100000,100000,0.335801163671,0.482283260004
0.617861158295,0.461928625125,0.613568950525,0.180814581819
0.221745876502,0.101162048183,0.153583899656,0.146379036509
0.397118527164,0.239318638873,0.368201724007,0.127173377742
100000,1.07415243082,1.22315593699,1.2717919421
0.395834630429,0.236312121028,0.492885248618,0.137936752035
0.548105878303,0.462001892537,0.795364088018,0.282653379314
100000,0.636723489613,0.386296104379,0.534141932232
1.00362430541,1.01819744096,1.0599320755,1.12105469975
1.13445988651,1.06713843369,1.07628726437,1.1694014635
100000,1.10252775598,1.02095288915,1.21239640308
0.394731560005,0.168192843569,0.143317467676,0.154136741354
0.524827338442,0.35527230393,0.20125449817,0.214966956325
0.314412577119,0.326715431844,0.550004594867,0.198289465964
0.252819756501,0.0884086517613,0.404238117572,0.113192805124
0.540776613607,0.459578888256,0.470881352041,0.213697243202
100000,0.858630902338,1.10636426877,1.40663368394
0.485609423751,0.349052541863,0.528744919918,0.152357216819
1.10002779239,1.13719296419,1.16676526304,1.24295198111
0.414210086993,0.258013589284,0.632316225803,0.143708540886
10000,10000,10000,10000
0.588242822021,0.395057893299,0.566346489801,0.219026488835
100000,0.497859745697,0.796167369009,0.323675397246
10000,10000,10000,10000
10000,10000,10000,10000
100000,0.33164106817,0.602213494644,0.208617307288
100000,0.507899421762,0.861967604217,0.332816512294
0.394731560005,0.168192843569,0.143317467676,0.154136741354
0.524827338442,0.35527230393,0.20125449817,0.214966956325
0.314412577119,0.326715431844,0.550004594867,0.198289465964
0.252819756501,0.0884086517613,0.404238117572,0.113192805124
0.540776613607,0.459578888256,0.470881352041,0.213697243202
100000,0.858630902338,1.10636426877,1.40663368394
0.395834630429,0.236312121028,0.492885248618,0.137936752035
0.548105878303,0.462001892537,0.795364088018,0.282653379314
100000,0.636723489613,0.386296104379,0.534141932232
1.00362430541,1.01819744096,1.0599320755,1.12105469975
1.13445988651,1.06713843369,1.07628726437,1.1694014635
0.422495652247,0.258063017612,0.605709451373,0.246610610074
100000,1.10252775598,1.02095288915,1.21239640308
0.861572538737,0.729756918627,1.01757723441,0.653485008087
1.10002779239,1.13719296419,1.16676526304,1.24295198111
100000,0.174324533319,0.22400839953,0.243130456898
0.59352137378,0.520687238616,0.643045667886,0.30355915033
0.146499526845,0.119171568992,0.133279038477,0.139189624601
100000,0.715961576279,1.09738895196,0.576562611951
100000,0.244595819526,0.247655954337,0.28713252942
0.429276215999,0.290058405565,0.413150369617,0.103268312003
100000,0.375806602847,0.438925186553,0.376218705831
0.649420230423,0.488034380623,0.751680411797,0.246766011814
100000,0.966804442677,1.00384643204,0.894359643808
0.395834630429,0.236312121028,0.492885248618,0.137936752035
100000,1.15046527998,1.10444056317,1.06248517978
100000,100000,1.0779108077,1.16369576771
0.521300338257,0.342290854381,0.248598968603,0.368736588531
1.13445988651,1.06713843369,1.07628726437,1.1694014635
100000,1.10252775598,1.02095288915,1.21239640308
0.394731560005,0.168192843569,0.143317467676,0.154136741354
0.524827338442,0.35527230393,0.20125449817,0.214966956325
0.314412577119,0.326715431844,0.550004594867,0.198289465964
0.252819756501,0.0884086517613,0.404238117572,0.113192805124
0.540776613607,0.459578888256,0.470881352041,0.213697243202
100000,0.858630902338,1.10636426877,1.40663368394
0.486610966666,0.365837133289,0.125140297067,0.112240041554
1.10002779239,1.13719296419,1.16676526304,1.24295198111
100000,0.402432531116,0.356402440498,0.474635604329
0.211949787232,0.177605414711,0.206741129462,0.268827961001
1.10002779239,1.13719296419,1.16676526304,1.24295198111
100000,0.23820522978,0.209599084099,0.251918534456
0.35218464629,0.180492484516,0.196589919451,0.245661848336
100000,0.0888154676719,-0.0405107508822,0.0976564813572
0.66354679339,0.502325649099,0.635162761573,0.198312987266
0.164695988604,0.115117555869,0.0561060603323,0.0979151672053
100000,0.452664733993,0.554119961867,0.181232607185
1.10002779239,1.13719296419,1.16676526304,1.24295198111
100000,0.231144501742,0.256365219915,0.194811930317
10000,10000,10000,10000
100000,0.419385685105,0.64716725172,0.242598319842
100000,100000,0.446512240473,0.514017339363
10000,10000,10000,10000
100000,0.483576213938,0.564056554207,0.687963799268
0.268766382932,0.242655650959,0.276930540657,0.207344941901
100000,0.326972476369,0.28588364455,0.271923877778
0.454111875273,0.310891669708,0.54993250493,0.195442927344
0.557419163039,0.356349118188,0.649823712225,0.244541774467
100000,0.312773967415,0.592907750728,0.177250258515
0.168156121776,0.227377768179,0.43950388323,0.215593312069
100000,0.53200429839,0.542245243177,0.257256259682
100000,0.419385685105,0.64716725172,0.242598319842
100000,0.264603562755,0.446512240473,0.242090099268
100000,0.197718885063,0.230224284693,0.215009838853
0.339537891852,0.220272069541,0.413352618486,0.0969892151859
0.452045410108,0.383708724785,0.529311680654,0.113371557795
100000,0.105290527336,0.370996886771,0.0933190104992
100000,0.29694483196,0.621956156882,0.171445362564
100000,0.202476058019,0.231615459305,0.179394085361
100000,1.05990290442,1.15199686995,1.1562546984
100000,0.239210496598,0.287878234354,0.252607406009
0.687470238672,0.637017574066,0.906044550498,0.543531999311
100000,0.419385685105,0.64716725172,0.242598319842
100000,100000,0.365224729983,0.378041360653
100000,0.528700621985,0.613907654384,0.291570517081
0.573262671451,0.401587180716,0.455067522749,0.0889338633154
0.360430851943,0.0967566401297,0.49367576844,0.140779676685
0.386541439317,0.209292842017,0.0741897139364,0.115029516975
1.10002779239,1.13719296419,1.16676526304,1.24295198111
0.569700288051,0.436965938185,0.436561756352,0.137267764225
100000,0.431579692519,0.407526827253,0.485928713759
0.42829582867,0.143986111937,0.0399694951827,0.244752318187
0.174113643914,0.0424147473141,0.027511571315,0.115552714061
0.625500949933,0.717384491277,0.687283569595,0.55884469397
0.327229302303,0.119342973514,0.341394593663,0.10797969368
100000,0.343665537341,0.365340241177,0.327054672159
0.577137796228,0.451584551964,0.481214480807,0.273821114667
0.33251512924,0.202865589386,0.328822112651,0.195429588544
100000,100000,1.12306198547,0.845713194777
0.498296714102,0.350562037519,0.316720364265,0.142166964102
0.594109921549,0.452350772142,0.62919409707,0.343998964426
0.465122493892,0.43472624598,0.311533997938,0.254001682809
0.357235854653,0.202821573916,0.228934881864,0.262486839529
0.683734495335,0.577635053686,0.725459004785,0.534223047324
0.520740006165,0.35404538235,0.37829376981,0.187721138004
1.01319040622,0.994632309086,1.10818990198,1.09748085031
0.504484349559,0.178957999436,0.397038952926,0.130275067254
0.456211551373,0.168866230647,0.456887076431,0.208513571317
0.750550282201,0.511849733471,0.618464174561,0.469366402027
0.567925459956,0.413967887965,0.489759571303,0.236448274759
0.564786005718,0.412736889531,0.513481896925,0.269295592673
0.438870094215,0.258822952764,0.420607839671,0.103292887566
0.39573499125,0.205373360393,0.380542676755,0.120684908686
0.710480696325,0.621787901209,0.66107536583,0.372095599876
100000,0.669609373462,0.676195233838,0.487952719367
0.535928296516,0.395279984162,0.418680705377,0.138252773957
0.585841752499,0.463195298097,0.557291645342,0.21764067843
0.336333767798,0.113127813237,-0.0341321722277,0.0929604918635
0.396725720492,0.21974209596,0.283714660496,0.300960497907
0.528049154439,0.373727700698,0.397495641734,0.164255136384
100000,0.879214498525,1.13517246328,1.10026753318
100000,100000,1.02396906153,0.870430931484
0.920256033343,0.765437227784,0.943688680953,0.641477239721
0.966350412221,0.954167873265,0.984873830233,0.920177734432
100000,0.602840833922,100000,0.530041797749
100000,100000,0.906853582486,0.829588236754
0.816312529158,0.91715585064,0.831953520026,0.886191435508
1.12131384207,1.12407183072,1.15847181868,1.13375033567
0.268766382932,0.173020685619,0.276058751666,0.261990395107
100000,0.27932930836,0.34782459789,0.317791171596
0.570905855418,0.359419526435,0.0960501093823,0.0522601979148
0.359446353867,0.250133573535,0.228898249622,0.0525336927508
0.672866489374,0.492777265074,0.251073772437,0.152868950685
100000,100000,0.738712286467,100000
0.268429026526,0.114792175036,-0.063623558753,-0.0370143089595
0.572529576547,0.434124012222,0.520610393272,0.281098833906
0.807247054723,0.797790646433,0.834388795982,0.693735412527
0.712756251411,0.672784418385,0.734706385945,0.42584546661
0.548471725403,0.499702549842,0.466700474165,0.299662347023
0.402762869034,0.21134993235,0.430884539389,0.0897098561394
0.3302463743,0.21550106024,0.276038982063,0.244004278777
0.134835023994,0.0993940961042,0.0397683501668,0.0529735370023
1.10002779239,1.13719296419,1.16676526304,1.24295198111
0.533949955879,0.315630974036,0.137808122613,0.222589301472
100000,1.1451603457,1.22133173206,1.20045247499
100000,100000,100000,1.02653703484
100000,100000,1.35298835982,1.17658714725
100000,0.973908475527,1.06866329335,0.988769368599
0.620613672816,0.565251093851,0.769533314088,0.346245899796
0.626683048399,0.432086467712,0.696417198475,0.295726451754
100000,0.908604976012,0.991460598877,0.979247624221
0.495926944431,0.330835102773,0.647761726206,0.0627147861165
100000,0.993861507127,0.896505685455,0.923759621575
1.10002779239,1.13719296419,1.16676526304,1.24295198111
0.598603276053,0.483404504131,0.52947836355,0.221725233482
1.10002779239,1.13719296419,1.16676526304,1.24295198111
1.01319040622,0.994632309086,1.10818990198,1.09748085031
0.5907583004,0.442641683194,0.599371669119,0.243529457347
100000,0.473578578567,0.674776018359,0.321441386462
0.552195101625,0.396581993187,0.472807860999,0.131974729936
100000,0.609367698438,0.740637499938,0.432204225707
100000,0.444238072923,0.618229813164,0.315028606104
100000,0.696167829895,0.607004653684,0.568102238722
100000,0.661427257068,0.833846610386,0.552731125408
0.58359108551,0.448792193491,0.736289959353,0.188088558792
0.861301092979,0.740992719339,0.996427124829,0.595299786376
1.10002779239,1.13719296419,1.16676526304,1.24295198111
0.609944987016,0.490439979839,0.608829641248,0.324639940346
1.12131384207,1.12407183072,1.15847181868,1.13375033567
0.635477437908,0.422805126339,0.472199608712,0.199265977562
0.427136302795,0.267011333774,0.874688717375,0.122218256465
100000,1.13393962812,1.20999493896,1.27266571981
100000,1.03354087402,1.16161379026,1.21905112692
0.997999066003,1.12559673643,1.17984890608,1.17349134573
0.198303746515,0.140630669188,0.112533129642,0.175985758409
100000,0.618022484668,0.4304798202,0.477289622283
0.565513615731,0.43766694421,0.626382184133,0.286507637837
100000,0.208959281994,0.742737429955,0.269180156594
0.600483976586,0.481583204596,100000,0.310239472522
0.306180603044,0.16245775176,0.183663473325,0.165277739926
100000,0.261595669901,0.296921871596,0.258098481864
100000,0.708829275305,1.14318310467,0.833220190485
100000,0.297934397392,100000,0.239300776612
100000,0.403206228544,0.747806051246,0.24147226617
100000,0.35523219447,0.704342805738,0.202355135747
0.596369640866,0.428696661603,0.459524699643,0.232392115733
100000,100000,0.381465640924,0.444988698038
100000,0.69902165365,0.951867172918,0.57531304984
0.0910358185224,0.173292681974,0.116181249569,0.161505951762
100000,0.696167829895,0.607004653684,0.568102238722
100000,100000,100000,0.584313048438
100000,0.212965920281,100000,0.255999210583
0.0,0.12924579278,100000,0.100859653272
1.12131384207,1.12407183072,1.15847181868,1.13375033567
0.596369640866,0.428696661603,0.459524699643,0.232392115733
100000,100000,0.381465640924,0.444988698038
100000,0.265000087189,0.216780377186,0.304152857812
0.246530519081,100000,100000,0.567082696583
100000,0.323129665949,0.611178671113,0.29232414847
0.452920580355,0.438870856174,0.585852757267,0.337941514343
0.635197330606,0.562004667978,0.695447924091,0.308574625053
0.60696360718,0.537901926728,0.755668097702,0.34982900465
100000,0.223494207531,0.137164434499,0.24717485665
100000,1.10932545881,1.1610521427,1.1452807596
0.709117962627,0.646283020701,0.697615810896,0.434247917388
100000,1.1045388059,1.14575250224,1.28285599635
0.460467434448,0.351944328762,0.217446747361,0.224627972359
100000,0.325295703736,0.471954077663,0.536356210488
100000,0.407235044887,100000,0.403734877856
100000,100000,1.46916358254,1.3758438153
0.331954076192,0.150703037442,0.769835246672,0.167014650825
100000,100000,1.18549553092,1.29062818458
0.0942308158122,0.383919007551,0.292122882096,0.294064250727
100000,1.10152726886,1.18786868733,1.13497011897
0.513619957568,0.378841551157,0.754216399209,0.358224599813
0.482175242927,0.417836753436,0.534454618466,0.192765870536
100000,1.15425432637,1.09913524364,1.21929601148
0.681530655763,0.473355449687,0.654319971369,0.28619829396
0.522296109514,0.312241104247,0.592035900848,0.185403720664
0.537695482274,0.328645653577,0.443388399839,0.172075702158
0.589174577848,0.390444676522,0.508453218298,0.125783888195
100000,0.297934397392,100000,0.239300776612
100000,0.325962123508,0.261713925648,0.303526395599
0.959276073948,1.10524363168,1.15278147098,1.19568512142
100000,100000,1.50394547996,1.365463205
1.11050197278,1.19019903162,1.17866848372,1.18953219314
1.00813759621,1.08461002899,1.11030548514,1.18754151498
100000,0.878862960705,1.08409575929,0.998361844932
100000,100000,100000,100000
100000,0.305968619793,0.477256709336,0.146819267584
100000,1.08567111397,0.990575609146,1.05680816943
0.544688216382,0.417857498103,0.426740455735,0.171252752772
0.629996008383,0.547743082215,0.651377171949,0.376829363281
0.423550947763,0.164532179732,0.358524828231,0.0732655160749
100000,0.352822584075,0.604003333773,0.26593134008
0.441108746103,0.312482224163,0.506471958202,0.145697131897
100000,1.08360725626,1.15855537626,1.25373003787
100000,100000,1.38571991055,1.31390793109
0.508902132722,0.507012992167,0.564588737617,0.306867023448
100000,0.82625304316,1.27683003004,0.840172814584
100000,1.29178264934,1.37191482287,1.42889019999
100000,0.264406394584,0.579750623675,0.26065041699
100000,0.370629520384,0.268807002873,0.387040051859
100000,0.299420570232,0.0245659523036,0.153284254927
100000,0.466882452603,0.306673376357,0.360004399989
0.473676230648,0.429879138713,0.412328242227,0.0850075467253
1.03691459073,1.04278333967,1.14388638569,1.13870559535
100000,1.03354087402,1.16161379026,1.21905112692
100000,1.15613771646,1.11698304877,1.19595910423
100000,0.545458734661,0.749213808629,0.321552033505
0.522543085311,0.306767931286,0.498020582071,0.10416914534
100000,0.203911791304,0.219716801367,0.265624422157
0.45981064823,0.40767105066,0.631004238828,0.182944474009
100000,1.13393962812,1.20999493896,1.27266571981
100000,1.19641681029,1.19453164475,1.2689832772
100000,1.02877548647,1.09801683601,1.03669653687
0.46032195752,0.269896473879,0.355916324045,0.0711689705865
0.606950189288,0.456194492894,0.495753124172,0.112633001098
100000,0.380493493058,0.3640667155,0.470600793268
100000,0.388171551268,0.874903580638,0.255296639576
100000,0.344111289712,0.463877935358,0.22086223837
100000,0.271542299917,0.683873410987,0.363603956819
0.382750828177,0.103554665681,0.507493098325,0.126606783739
100000,0.704424226896,0.93182393169,0.578707938112
1.10002779239,1.13719296419,1.16676526304,1.24295198111
1.12131384207,1.12407183072,1.15847181868,1.13375033567
100000,0.336580214503,0.285736165895,0.39573772834
100000,1.05667678631,1.10637075388,1.22992955821
100000,100000,1.08895860925,1.2314001816
100000,0.289576760104,0.538900825859,0.261442890212
1.01319040622,0.994632309086,1.10818990198,1.09748085031
100000,0.364163070345,0.329818327232,0.410022286587
100000,0.252440690772,0.258492747975,0.229001883575
100000,0.236869090538,0.279685144448,0.264711659057
0.464875596006,0.315041029505,0.557614054797,0.149740686449
0.34584747589,0.238487586279,0.514493364496,0.208337913803
10000,10000,10000,10000
100000,0.293669784428,100000,0.343827883194
100000,0.279786335668,100000,0.328636641097
100000,0.263380990138,100000,0.306398471897
100000,0.268089935179,100000,0.314898065336
100000,0.668025802587,0.53432245372,0.461168746545
0.122544265343,0.149300063471,0.213142491805,0.222138689423
100000,0.261371239351,0.305528067236,0.338095004113
100000,0.265666185293,0.247612239372,0.355735648534
100000,0.433648402071,0.308705701997,0.36263756999
100000,0.207765882618,0.150596973766,0.156369827982
100000,0.23075147351,0.251715169871,0.312363143619
100000,1.03169285606,1.05804799941,1.09759620398
0.699196886607,0.477287136051,0.590019904028,0.185548936322
100000,100000,100000,100000
0.275996125401,0.174404083427,0.132069882284,0.169934375756
100000,0.151332433986,0.205039111623,0.29479108487
1.07404197653,1.02856415393,1.09466886259,1.12782048864
100000,100000,1.20977087748,1.47300453138
0.809314134469,0.712534737173,0.773367580824,0.615407515904
0.477099249669,0.34704347217,0.690202517009,0.258904445919
100000,1.19641681029,1.19453164475,1.2689832772
100000,100000,1.5862533744,100000
100000,0.380779025399,0.258698676165,0.347535879388
100000,1.01347450746,1.00126801711,1.0923431652
100000,0.968003483758,0.96961917117,0.893047243758
0.516271841607,0.412656402372,0.49325440012,0.228819819396
100000,1.09432009116,1.10025545569,1.18309405545
100000,100000,100000,100000
0.383919007551,0.306021906988,100000,0.38930131347
100000,1.23807678616,1.34575931635,1.44233776387
100000,0.466797391386,0.553455025502,0.276602421359
1.00362430541,1.01819744096,1.0599320755,1.12105469975
100000,100000,1.10883291598,1.07985916572
100000,100000,1.05022267715,0.992840767935
100000,0.451148531019,100000,0.457015603219
0.436262010536,0.278471523132,0.191241402188,0.181423110118
100000,100000,0.498243298587,0.548983151902
0.710159805869,0.5481629193,0.630714126997,0.260411667793
1.10002779239,1.13719296419,1.16676526304,1.24295198111
0.628944353993,0.458871429544,0.524991546302,0.165793936038
100000,0.971567013885,1.11329977736,1.18685957721
100000,100000,0.941953152488,1.24713373289
100000,100000,100000,100000
100000,100000,1.05747094064,0.696433764692
100000,1.0106993843,1.03899869009,1.02025993653
100000,1.07960828891,1.06412902013,1.07095953299
100000,100000,1.04975380067,1.12204260829
0.568585477066,0.364588600436,0.44521382494,0.27349792351
100000,0.219700497604,0.322510227119,0.310016782761
0.640802675656,0.505488098297,0.564202484683,0.279343728104
0.614431135241,0.51950674388,0.79387341642,0.357260687417
0.647445691669,0.518625988068,0.617392419599,0.285981877432
0.522592387086,0.429961699179,0.79874501118,0.357084788718
100000,1.27886708109,1.15915054409,1.06568403243
0.43183208605,0.306615795377,0.61326596138,0.311860309271
100000,100000,1.09568944903,1.12015789538
0.591783014763,0.453765559528,0.65434577558,0.269230978631
100000,0.176099457013,0.178982967301,0.228606177947
0.536659185089,0.389854467118,0.434643462988,0.11664007884
0.422495652247,0.246486331583,0.663513413986,0.22349254638
100000,0.374911622503,0.196357649727,0.227026425081
100000,0.393873683439,0.735392866444,0.311293494673
100000,1.2266648071,1.16307126031,1.28068940087
0.465858548518,0.29257204323,0.340216103733,0.108390207728
100000,1.00286266501,1.1496626905,0.973440720152
0.809314134469,0.712534737173,0.773367580824,0.615407515904
0.423550947763,0.265731649215,0.372914140161,0.273643787449
0.498296714102,0.350562037519,0.316720364265,0.142166964102
100000,0.140466932737,0.535858474659,0.216517826478
100000,1.10932545881,1.1610521427,1.1452807596
0.268766382932,0.36169741048,0.67064388994,0.260882373565
100000,100000,0.734073795234,0.66823631736
0.807247054723,0.797790646433,0.834388795982,0.693735412527
100000,1.10252775598,1.02095288915,1.21239640308
0.42829582867,0.143986111937,0.0399694951827,0.244752318187
0.772238329093,0.562566143891,0.73377570988,0.404114411307
100000,0.910853356559,0.805626438122,1.10811078243
100000,0.0934484977309,0.342561888556,0.101404372194
100000,0.224247709547,0.183222749122,0.195571876312
100000,0.172519777088,0.626155812639,0.180581667266
0.37726688073,0.1725074992,0.60438811118,0.243752995134
100000,1.10252775598,1.02095288915,1.21239640308
0.250029048542,0.0611760054497,0.0882888541002,0.110386167069
0.34584747589,0.162019227467,0.144714897379,0.115913350497
0.710480696325,0.621787901209,0.66107536583,0.372095599876
0.400848488964,0.241233910611,0.484971938558,0.132148586796
0.612930476695,0.476517652375,0.603797868869,0.170881709055
0.0689579502306,0.113193433767,0.158505144085,0.0376768022216
1.07848943731,1.06117300162,1.10205516712,1.12892994417
1.14709404258,1.20048251799,1.27575008376,1.3209941128
0.485133637696,0.379065551777,-0.218470809562,0.132609859712
100000,1.10152726886,1.18786868733,1.13497011897
0.470529176125,0.294024800149,0.344365570186,0.0681126031856
0.556657438632,0.454820996675,0.778263713218,0.344019543312
1.13445988651,1.06713843369,1.07628726437,1.1694014635
0.552110644332,0.502088081542,0.748993240719,0.292059989258
10000,10000,10000,10000
100000,0.324010027441,0.327277062435,0.32122517572
100000,100000,100000,100000
100000,100000,100000,1.18609250449
100000,0.211271443965,0.518071621008,0.223443023947
1.10002779239,1.13719296419,1.16676526304,1.24295198111
0.721085747064,0.589171798423,0.653044088372,0.369758554408
100000,1.17664132665,1.17440874423,1.14712264972
0.470096630299,0.266411847289,0.153735021371,0.189356491614
0.239210555778,0.0226577622424,0.0771133697196,0.0995181296239
100000,0.261245856988,0.401785729517,0.48095857401
100000,1.1880210873,1.29581189307,1.22112778347
1.0491448358,1.0912135101,1.11932342056,1.17375156237
100000,1.09665533487,1.00231900437,1.17598993863
0.206549952168,0.20155175106,0.187573397405,0.236363687831
0.754757409414,0.663745218451,0.914464712909,0.508062382322
100000,0.244679885774,0.579803260511,0.224599377794
100000,0.29278770371,0.26822095773,0.333102702101
0.312925435313,0.162339731536,0.512610395708,0.187321351524
100000,0.4322759095,0.502029494096,0.193689081434
100000,0.340968810909,0.273784777921,0.328135543465
0.509535557922,0.294738181621,0.389157472574,0.118701454383
0.163723014666,0.161649373432,0.52529068609,0.126548393199
0.472001020238,0.314273853237,0.247304169814,0.260931110904
100000,0.555054480697,0.349230678386,0.713162453825
1.12131384207,1.12407183072,1.15847181868,1.13375033567
0.138587081038,0.133942396138,0.169366444639,0.208539036583
100000,0.234316059593,0.22260607244,0.180947234808
0.362744317862,0.387411096956,0.292381070995,0.220173834987
0.157699538333,0.130093614844,0.144601760556,0.190065677399
0.160054173647,0.264603562755,0.240036816775,0.171269365475
100000,1.17523319851,1.03696024649,1.06039178478
0.211949787232,0.325962123508,0.530945714949,0.318412799255
1.00362430541,1.01819744096,1.0599320755,1.12105469975
0.645111626575,0.506326968187,0.633457032748,0.302288111946
100000,0.278803706787,0.5131454414,0.207713924211
1.10002779239,1.13719296419,1.16676526304,1.24295198111
0.263546678131,0.15110654296,0.183017015794,0.242562346624
1.10002779239,1.13719296419,1.16676526304,1.24295198111
0.393793756692,0.29014699131,-0.409565158002,0.0579949234856
100000,1.05796319356,1.07565322187,1.53957052403
0.160054173647,0.196425489312,0.308811551774,0.347338093698
0.480716170164,0.40730067315,0.413584016019,0.114382438008
0.326714952817,0.14407581146,0.125252855693,0.193329904329
100000,0.29278770371,0.264322142758,0.323499783047
100000,0.301278993324,0.430460251934,0.439318801132
0.194485107957,0.0782051279169,-0.0119279775983,0.0649922823014
0.160054173647,0.196425489312,0.16019531206,0.211626716599
0.168156121776,0.240692579432,0.144242777176,0.208243388269
0.398027481312,0.283887074919,0.387120833935,0.0920399823065
100000,0.203699689128,0.191271630291,0.215474281546
0.310247313332,0.171848027684,0.299523794339,0.0907221412975
100000,0.251700560589,0.231405306493,0.248399368164
0.038894790721,0.0726409104949,0.594657439522,0.0658354870295
100000,0.190072542823,0.0482015311793,0.218217400681
0.428950782827,0.21474032583,0.531514357981,0.168959018487
100000,0.237066272177,0.19594933877,0.256553303685
0.278264880342,0.107749390605,0.0648863190813,0.117231051375
100000,0.35085742606,0.245187354589,0.332881769767
100000,0.35085742606,0.224387273876,0.293184755374
0.238284313428,0.182570909941,0.11362003148,0.202951292316
1.10002779239,1.13719296419,1.16676526304,1.24295198111
0.0080222585088,0.114522006834,0.0635422168735,0.151682302664
0.071714928174,0.0786855567738,-0.00226343570017,0.0498855939659
0.146499526845,0.216393282585,0.139160475512,0.214572989481
0.0704839486173,0.0828180067016,0.00839995103755,0.0713155580931
0.0384435711448,0.0778220328064,0.00730422256123,0.0678107066911
0.125965177073,0.158497706107,0.0650014698068,0.167073013129
0.187675026359,0.149117850515,0.114948287307,0.184972868246
10000,10000,10000,10000
0.180215425972,0.177369055383,0.110331566005,0.192561299443
0.121122625826,0.136534986143,0.0546160816809,0.159875105435
100000,0.618556059948,0.724780674468,0.384215602574
0.245404362025,0.151895647975,0.175781214415,0.258206383798
0.399149027536,0.222785318294,0.195030103917,0.153288195097
100000,0.302026510653,0.19019014045,0.225623526839
100000,0.325295703736,0.205605666978,0.25851720059
100000,0.414950947638,0.207536670164,0.35157800692
1.10002779239,1.13719296419,1.16676526304,1.24295198111
10000,10000,10000,10000
0.81121707814,100000,1.24706400685,1.54048269135
100000,1.247489207,1.20780611886,1.25872138933
100000,0.223323230287,0.108635760774,0.227575660636
0.362744317862,0.199725545165,0.498946801836,0.207097389245
0.448475227426,100000,0.440787329408,0.442459769922
0.532225953024,0.357386074711,0.347774842615,0.120515754852
100000,0.378945614936,0.335351989885,0.449738475406
100000,0.267938804389,0.244015024018,0.340885662104
0.56720410402,0.496341405736,0.69098675698,0.424620016057
100000,0.439495759905,0.677761120917,0.211604871172
0.428342793307,0.3666054073,0.496382531103,0.21604002254
0.704738816206,0.578273418558,0.554676806793,0.301796869568
0.516148852411,0.421869819665,0.52154926066,0.174829164378
100000,0.158328643631,0.14079025751,0.248830758864
100000,0.118435333948,0.559315315989,0.121983026168
0.477392493043,0.324976592483,0.380366431766,0.196461437856
100000,0.266535332271,0.295018626191,0.275177993213
100000,0.233362912984,0.19361457112,0.253674502931
0.656795883614,0.598496296879,0.672017701289,0.424349177705
100000,100000,0.362777360812,0.660444428082
1.10002779239,1.13719296419,1.16676526304,1.24295198111
100000,0.598137954277,0.887720952241,0.515923898589
0.480716170164,0.40730067315,0.413584016019,0.114382438008
0.424649646807,0.312005385244,0.378233161402,0.0915299949983
100000,100000,0.400750395737,0.608680482667
100000,0.281192617311,0.194918873425,0.315219783127
100000,0.339930936016,0.298631637806,0.474292144743
100000,0.629093293522,100000,0.506671127292
0.598322850941,0.413861547516,0.517659201043,0.199900979393
0.485925015167,0.426255199031,0.60857408392,0.369951706213
100000,0.396864155336,0.282447420344,0.386201902147
0.680206449261,0.581699782833,0.700679820696,0.411040431584
100000,0.637313283503,0.85239096389,0.3533942408
100000,100000,0.430460251934,0.5785030583
0.613057282869,0.515292998646,0.585835527725,0.286773811003
0.245404362025,0.159875442691,0.561902978908,0.18504881914
100000,0.280562931188,0.218172568164,0.231314945702
100000,100000,1.10883291598,1.07985916572
0.273659636519,0.05506420217,100000,0.0479125130865
0.64017981803,0.559709550065,0.727576677466,0.47152758535
100000,0.36915978987,0.202140961351,0.504351131476
100000,100000,0.54287445487,100000
10000,10000,10000,10000
0.613057282869,0.515292998646,0.585835527725,0.286773811003
100000,0.103961779439,0.0978542284273,0.101793844773
1.10002779239,1.13719296419,1.16676526304,1.24295198111
0.609145824227,0.667804845014,0.830012432838,0.578177869794
1.10002779239,1.13719296419,1.16676526304,1.24295198111
0.39552105062,0.299600092162,0.472890847332,0.102143301373
1.167471261,1.23980946315,1.26505382468,1.27873423969
0.491774990213,0.540508135866,0.618963019523,0.342478531802
0.557229425819,0.541587578155,0.736706809342,0.392610863277
100000,0.466498830507,0.394327340693,0.448940907136
0.519750579906,0.516453512279,0.59421156872,0.299909751141
0.572223949303,0.522217401421,0.562261905656,0.2816117033
1.08494203046,1.22622871343,1.2848708753,1.34231881953
100000,1.15341280951,0.987845305297,1.05350381211
0.551652993379,0.320832121446,0.516294530146,0.147078311476
100000,100000,1.18689603596,1.2618606011
100000,0.715742126298,0.734929002718,0.435608968592
100000,1.12486300278,1.15883150212,1.13254525164
10000,10000,10000,10000
1.114457827,1.12703863868,1.1291820345,1.27185427029
10000,10000,10000,10000
100000,100000,0.264022240284,0.35677053268
100000,0.215161861979,0.193165805664,0.283130408859
100000,0.866840233323,0.668349396394,0.67582564056
100000,0.512210038635,0.361498895835,0.507525626277
0.695389602174,0.569466741813,0.553694557006,0.418945279078
100000,0.152730496307,0.155550437284,0.231773329067
0.473491857029,0.39023296243,0.510354739628,0.305955407936
0.606174765759,0.48872977595,0.765256787255,0.369224345805
0.164695988604,0.186161437455,0.158448187581,0.230897399424
100000,100000,0.398331133274,0.562198446562
100000,0.443752368852,0.33463415998,0.289268581365
100000,0.647478627117,0.351472718586,0.646697775875
1.167471261,1.23980946315,1.26505382468,1.27873423969
1.1846069018,1.2214761891,1.26277221684,1.33714714869
100000,0.766784939818,0.382804424311,0.79490647276
0.491774990213,0.540508135866,0.618963019523,0.342478531802
0.715676806472,0.600693180723,0.690695296993,0.410808342875
100000,0.736313156281,0.657999260268,0.453963391829
100000,100000,0.890291263241,100000
100000,100000,0.683654021792,0.952486270056
100000,0.252440690772,0.243166460803,0.317791171596
100000,0.325295703736,0.282145821887,0.39064618456
10000,10000,10000,10000
0.49498585215,0.473776940348,0.683132217981,0.257591070983
10000,10000,10000,10000
0.491774990213,0.540508135866,0.618963019523,0.342478531802
0.73764090567,0.65382676354,0.417658731433,0.47358226158
100000,0.693623669823,0.887116500577,0.404338111692
0.638049045947,0.612859842553,0.637972148991,0.386358119689
100000,100000,1.01512875114,1.30637235271
100000,100000,0.343341114379,0.49605313581
100000,1.14063300564,1.2091684032,1.26891670288
100000,1.07237244773,1.06014714941,1.26765537542
0.491774990213,0.540508135866,0.618963019523,0.342478531802
0.638049045947,0.612859842553,0.637972148991,0.386358119689
0.284011796086,0.148567642192,0.0639102060769,0.108376977203
0.554785406801,0.46796314317,0.136309012803,0.183871568705
1.00362430541,1.01819744096,1.0599320755,1.12105469975
0.588604134708,0.49092777566,0.679072497072,0.341931169994
100000,0.468065644201,0.746981739562,0.348101079023
0.648177136966,0.558176007206,0.696443315232,0.435751377115
0.644553389562,0.536926179845,0.65188283203,0.272056778655
100000,0.624150582488,0.85233758866,0.525243750533
0.721041510288,0.72938498503,0.536410935231,0.642801716105
100000,0.692120953064,0.821118762756,0.608574435923
100000,0.593295132182,0.797840429477,0.449433808532
100000,0.368145915003,0.290769619667,0.379020859686
0.758086289361,0.59448329115,0.901089716341,0.478776531116
100000,0.486199609853,0.690091828294,0.348346245666
0.472048041306,0.350636653526,0.747926882127,0.222899747807
100000,0.983103081379,0.837779090432,1.07521351572
0.819196868143,0.793073819214,0.618757129332,0.748860198039
0.593793052431,0.453736707925,0.892524079366,0.196266650653
0.440360672881,0.416754574561,0.25866286118,0.372404247023
100000,100000,0.456178449995,0.73229859551
0.491774990213,0.540508135866,0.618963019523,0.342478531802
0.73764090567,0.65382676354,0.417658731433,0.47358226158
0.651877058019,0.620594929544,0.403472318549,0.511385436615
100000,100000,0.466509206717,0.562198446562
0.578454954461,0.547769741538,0.636655706071,0.335315651467
0.423899574464,0.442278325186,0.638839138884,0.367936185087
100000,1.03845719374,0.850596760131,1.062711728
100000,0.682189740869,0.207969763665,0.410647639541
0.621510078493,0.684096938469,0.880460430597,0.614264299001
0.73764090567,0.65382676354,0.417658731433,0.47358226158
0.765646059652,0.961508857682,0.713126364095,0.890682708071
0.667606909616,0.770261734862,0.443856289452,0.649494007423
0.630350077362,0.633413498568,1.01255301452,0.478334319216
0.711226330765,0.648930738421,0.88701916449,0.508121563617
0.277816360117,0.254970079921,0.173929634612,0.264517725195
0.399827839815,0.333284378833,-0.0199935393434,0.114084096557
100000,100000,0.394256736111,0.524515375635
0.709248197446,0.732494843478,1.09544803343,0.619978195572
0.599370844216,0.514079078474,0.663713614421,0.238615048146
0.787264518181,0.704568092967,0.885126974906,0.634306048975
0.492419505349,0.370137794524,0.577469606391,0.209937692774
0.497198481907,0.466199892711,0.894937873823,0.386103414945
100000,100000,0.633859579774,0.860561113114
0.551788872866,0.534755256891,100000,0.419643589638
1.01319040622,0.994632309086,1.10818990198,1.09748085031
100000,0.723734100396,0.991711745022,0.658124494877
1.10002779239,1.13719296419,1.16676526304,1.24295198111
100000,100000,1.34622886141,1.39975858055
0.361112705609,0.265804753145,0.568252147083,0.0988338442888
0.421425933111,0.282302414475,0.436175200599,0.172160407273
0.630771866814,0.552078024612,0.539073950644,0.389637494696
0.349531288291,0.144907461163,0.156342434051,0.167012332701
100000,0.27932930836,0.202114571962,0.262663268739
0.663196022852,0.606533679805,0.812795488608,0.55473688669
0.391167504466,0.318456792648,0.374356881499,0.104840382233
100000,0.273733823891,0.56173080909,0.323077252949
100000,100000,1.11182583199,1.25517666728
0.40124184113,0.226058017693,0.215058686843,0.0810522022761
100000,0.196425489312,0.17493342539,0.2182069575
100000,1.09665533487,1.00231900437,1.17598993863
1.01319040622,0.994632309086,1.10818990198,1.09748085031
0.491300349819,0.452449560301,0.182346900872,0.2705324493
100000,0.340641045494,0.377652508534,0.436164610845
100000,0.565097656776,0.34675479352,0.417821659442
0.78965725594,0.695592591615,0.777305128176,0.562448668324
0.652862855173,0.565281384106,0.747344251052,0.402312490011
0.724605767341,0.547396463789,0.732699961493,0.277713446147
0.64073734463,0.69666611784,0.97503336375,0.473089271147
0.551209748742,0.584236130943,0.780344060973,0.343103633945
0.370255710398,0.273712153021,0.39503416573,0.0982883873334
0.556657438632,0.454820996675,0.778263713218,0.344019543312
0.521600402133,0.447623843541,0.208070222583,0.328253348075
100000,0.308938489672,0.338763462479,0.343579463431
0.517816696209,0.434320019392,0.840894551545,0.376931242303
0.477275327505,0.431812252435,0.691404351878,0.255077699982
0.520073903718,0.450502344675,0.42726795584,0.181218250413
0.536549298703,0.425556596284,0.653253969937,0.215147428149
0.781590657618,0.616531879991,0.841196202613,0.381852585174
0.575312218015,0.531224937047,1.10651894378,0.34078609673
0.726252146399,0.622633745452,0.312113041765,0.408260050551
100000,0.44917145797,0.746977544737,0.269541172842
0.174113643914,0.106174997437,0.059593130008,0.134751871851
0.238284313428,0.154612892794,0.147046574387,0.160447271688
100000,100000,1.50394547996,1.365463205
1.0193249146,1.03584517971,1.02093059523,1.09698210215
100000,0.286480735189,0.192484684946,0.191953337546
100000,0.878862960705,1.08409575929,0.998361844932
0.461496203834,0.426406007698,0.2303844468,0.223243760808
100000,0.69902165365,0.951867172918,0.57531304984
100000,1.10252775598,1.02095288915,1.21239640308
1.10002779239,1.13719296419,1.16676526304,1.24295198111
0.283316088705,0.0884370770152,-0.0391731767867,0.118149979992
1.10002779239,1.13719296419,1.16676526304,1.24295198111
0.108500497798,0.1071159318,0.0163943721331,0.104568452197
0.501315229792,0.266985134059,0.0978361801157,0.177176732159
0.657552287254,0.641787089061,0.847845234378,0.502869782519
0.400801776599,0.305291136117,0.0839701306717,0.136429833136
100000,0.156700203089,0.146581225105,0.172048637986
0.698491777648,0.679134335914,0.98119231749,0.486458038006
0.511604398156,0.358390320912,0.0538554731572,0.197364086442
100000,0.170568063068,100000,0.180432141597
100000,0.561222859748,0.77192942677,0.370608683815
1.10002779239,1.13719296419,1.16676526304,1.24295198111
100000,0.130033788125,0.111904358337,0.253674502931
0.485609423751,0.349052541863,0.528744919918,0.152357216819
0.68436362656,0.52404952233,0.50994766563,0.226775267866
100000,0.560662849082,0.737250488991,0.438120996816
100000,100000,0.402198657874,0.448548543579
0.548120107294,0.419580632299,0.60034367857,0.223619191917
0.536659185089,0.389854467118,0.434643462988,0.11664007884
0.439605380505,0.393873683439,0.707052710634,0.318677008933
0.117536085167,0.277997804789,0.277702139301,0.275353922363
100000,1.13393962812,1.20999493896,1.27266571981
100000,0.250545663535,0.287024346415,0.287645036134
100000,0.337520522151,0.340542581723,0.366422332793
100000,1.17853297548,1.10857293444,1.18859859211
0.689657753907,0.661697070364,0.80004556336,0.560868378466
0.341981674592,0.26385034066,0.729221092208,0.229387411168
1.11996263521,1.11577596335,1.17678768355,1.15804936469
100000,0.971567013885,1.11329977736,1.18685957721
0.585841752499,0.463195298097,0.557291645342,0.21764067843
0.586301694459,0.441840514977,0.713205778672,0.199551720591
100000,0.646581011477,0.513586267036,0.453490981199
100000,0.434320019392,0.62581136223,0.242469027495
0.69232860099,0.506862354124,0.602500530628,0.216184087183
0.732315929302,0.630248727464,0.75748707841,0.491711729596
100000,0.278804081847,0.19158321431,0.267371956838
100000,0.413759576557,100000,0.333597243256
0.553434529583,0.386828523188,0.445114040345,0.0884759705032
100000,0.445693148073,0.719779997136,0.32106071602
0.405560399331,0.165642793011,0.471965897115,0.0973999675121
100000,0.223548146242,0.555477362333,0.231469051191
100000,0.46377289954,0.550101911618,0.275127232956
100000,0.44913229151,0.70407029931,0.327511349581
100000,0.40055420411,0.422243752828,0.529021184493
100000,0.358228664599,0.312827224378,0.422500830732
0.23446567487,0.300028249803,0.260461006325,0.31088677448
100000,0.130033788125,0.111904358337,0.253674502931
0.457524109292,0.296818926934,0.482333542307,0.0624610143329
0.780861379253,0.638451540876,0.879488345408,0.483905442188
0.677781197551,0.659906891613,0.710284024816,0.198755244939
100000,0.60488051975,0.703665999079,0.37275921083
100000,100000,0.357331486393,0.385478282024
0.480124838743,0.455114275212,0.538385469193,0.263839393829
0.531437587002,0.531130216613,0.321893526466,0.377849392984
1.10002779239,1.13719296419,1.16676526304,1.24295198111
100000,0.362686193109,0.277687593652,0.275979784714
0.449735585822,0.263230646702,0.465939692119,0.119118004204
100000,100000,1.06889451576,1.25866428618
0.571988324745,0.436990152476,0.516248303457,0.144075207152
0.518025965224,0.290459148089,0.650935013747,0.0944390443643
100000,100000,100000,100000
0.512925977449,0.458291165664,0.556855231772,0.239108372267
100000,0.393873683439,0.735392866444,0.311293494673
100000,0.26160962169,0.462749896672,0.197031312766
100000,0.394467571828,0.235803810913,0.29856795749
100000,1.12831135878,1.10550550657,1.24410480186
0.412699562976,0.338152602975,0.400084307645,0.125210844197
0.52089845514,0.462891384847,0.577577437933,0.372648432255
0.631877518674,0.589135855851,0.705546999033,0.373947498345
0.528522711757,0.351360810408,0.508044309981,0.156189893421
0.668818466803,0.472542505243,0.497715820656,0.16148404671
0.641743898025,0.525530725697,0.551594636597,0.263574601977
0.559430305839,0.387150500526,-0.111152265894,-0.0149685357633
100000,0.113176041355,0.163305624664,0.159933517768
0.710480696325,0.621787901209,0.66107536583,0.372095599876
0.563289245497,0.4212702302,0.440039413663,0.220108630343
0.644300531062,0.585292903717,0.651091468779,0.42955849
100000,100000,0.779984140363,0.66253389121
10000,10000,10000,10000
0.366454328276,0.217962072512,0.238256842102,0.242332395403
0.524153866609,0.308790772606,0.608644019416,0.190183473343
0.594405825739,0.394245283992,0.481504237433,0.12191143222
0.512730555212,0.32366154689,0.211193646194,0.220365831062
100000,0.317298345083,0.744217407255,0.315614114019
100000,0.289843214586,0.346582603219,0.387726532205
100000,0.662727965526,1.12924577239,0.432723749413
1.08904383095,1.11553189824,1.18119373542,1.30192118715
100000,0.979800277064,1.08961627992,1.16371000687
1.12131384207,1.12407183072,1.15847181868,1.13375033567
0.466294857718,0.264406394584,0.322769858223,-0.0169841528083
100000,0.152543908345,0.350997415377,0.145370294921
0.292067297864,0.123574262427,0.0194703802406,0.0527115696652
1.10002779239,1.13719296419,1.16676526304,1.24295198111
100000,0.430365993197,100000,0.373063056922
100000,0.432828515363,0.840730922786,0.389907962713
100000,1.08105394315,1.17703877929,1.14588665036
100000,100000,100000,100000
100000,100000,1.27236850066,1.32296133108
0.470289168072,0.333575842296,0.359532962818,-0.000631652348509
0.602993884542,0.392247594712,0.584867457219,0.106592210561
100000,0.472426300077,0.918681481652,0.360276439265
0.465361789102,0.327387971981,0.0646931439669,0.0604083169799
0.70020457502,0.674941913451,0.897730500131,0.481945041048
100000,100000,1.31888088222,1.37132317137
0.501612207958,0.370543241141,0.382698154351,0.110535271911
100000,0.651523435287,1.00675001108,0.46839332711
100000,100000,100000,0.429625545644
0.610299353629,0.54010531469,1.07253990784,0.344972706963
0.0980494543701,0.0935209770626,0.605827995578,0.108962944674
100000,100000,100000,100000
0.362363457913,0.192223680955,0.150989901536,0.166388772094
1.10002779239,1.13719296419,1.16676526304,1.24295198111
0.389241504106,0.257702326457,0.170780142797,0.126095427998
100000,1.33072659142,1.43112302519,1.37412819235
100000,100000,100000,0.440187099839
100000,0.273165927339,0.235272050225,0.270355613502
0.516655606519,0.417710709599,0.587930487539,0.232011929827
10000,10000,10000,10000
0.840707158995,0.961856091031,0.97651361733,0.60975280606
100000,0.69902165365,0.951867172918,0.57531304984
100000,100000,1.30215217491,1.41192341385
100000,0.951563474834,0.988685325265,1.19462758841
100000,100000,1.37761895161,100000
0.516655606519,0.417710709599,0.587930487539,0.232011929827
100000,0.769814306226,0.252187847474,0.574986520288
100000,0.288051125334,0.259893810329,0.328374803295
100000,0.193728655603,0.28896278958,0.34642447825
0.535386079935,0.436660325893,0.863806038343,0.260050547685
0.802349698367,0.703788702478,0.967416997378,0.644397662441
100000,0.9661674923,1.12317889662,1.04229848856
0.393817339246,0.235172961659,0.795346679231,0.134080170243
1.12131384207,1.12407183072,1.15847181868,1.13375033567
100000,0.391339408216,0.823100753089,0.404645006548
0.516427401775,0.547839922355,0.202288192863,0.311732575608
0.15269706022,0.325295703736,0.316021473767,0.37733860893
100000,0.399247690311,0.29978687189,0.30290899208
100000,0.282912403812,0.27905135689,0.315734116911
100000,0.255435200503,0.243313240827,0.289937886522
0.427236366603,0.265252818169,0.448174060162,0.0548833101658
100000,0.29121711048,0.337005818937,0.358064762381
0.432769421385,0.30779291399,0.649267708511,0.222178004216
0.393715096821,0.28030873979,0.449981408778,0.0858567513678
0.665444452546,0.64441423747,0.412824839707,0.500370956442
0.516655606519,0.417710709599,0.587930487539,0.232011929827
0.42908111852,0.279457700931,0.890970868107,0.1488832046
0.441294652521,0.309946822382,0.621119401332,0.205656411633
0.444069937597,0.364423386956,0.000326694288159,0.16621858991
0.488709494934,0.361623777941,0.263637578069,0.265045141892
100000,100000,100000,0.55002158092
100000,0.973335808894,1.03710596053,0.951432142743
100000,1.07929924558,1.12915447763,1.08414212836
1.14476816551,1.22165430194,1.29467105236,1.39583989103
100000,0.152543908345,0.350997415377,0.145370294921
100000,0.319850533865,0.30944419471,0.328832500847
0.370134808695,0.248859072818,0.0645581073156,0.127173088386
1.21818734061,1.15350604177,1.18637989089,1.25877533928
10000,10000,10000,10000
1.11996263521,1.11577596335,1.17678768355,1.15804936469
1.10002779239,1.13719296419,1.16676526304,1.24295198111
100000,100000,0.463374567572,0.76524328213
1.10002779239,1.13719296419,1.16676526304,1.24295198111
0.160054173647,0.216422455556,0.19839172246,0.255884551905
100000,1.15613771646,1.11698304877,1.19595910423
100000,0.277488462798,0.203776581583,0.249235852209
0.955564704349,1.01232575335,0.975978315373,1.00583048458
0.396479211422,0.310218497819,0.501788104414,0.104373987764
0.316846584122,0.210945519511,-0.0273998211098,0.0538678386359
0.0155108520501,0.063691959249,100000,0.0578085493248
0.534290245829,0.377760168294,0.0404720407664,0.0820538661331
0.464005267807,0.37589257997,0.461344217611,0.195705405968
100000,0.268089935179,100000,0.314898065336
0.160054173647,0.205707342463,0.32196588512,0.325779024761
0.493855629404,0.404229381972,0.41813172851,0.370791969779
0.434154706488,0.293113123887,0.648309044283,0.233016450783
1.01319040622,0.994632309086,1.10818990198,1.09748085031
100000,0.980373006425,1.0361287079,0.813481087305
1.10002779239,1.13719296419,1.16676526304,1.24295198111
0.358849655437,0.109016953506,0.558774232993,0.164693826286
100000,0.545663496115,100000,0.592812174757
0.0711283888517,0.044599607311,0.073689493439,0.0792276968643
100000,100000,100000,1.18760645241
100000,1.05156797234,1.15499691937,1.15279673568
100000,0.432177755229,0.777749695876,0.3072546076
100000,1.31467838039,1.310353767,1.4471387218
0.855968789836,0.822833054293,0.668402258479,0.678571183944
100000,0.538682295819,0.463027582402,0.492529243669
100000,0.430365993197,100000,0.373063056922
0.5907583004,0.442641683194,0.599371669119,0.243529457347
0.0236530739121,0.123396704464,0.107406669583,0.130049874357
100000,0.267471309309,0.519685693807,0.253590254489
100000,0.413363436823,0.668053983447,0.303255064034
100000,0.474242100845,0.60337132233,0.227190900149
100000,0.416497430028,0.751455406557,0.286174691434
100000,0.33444112718,0.32922122803,0.499914637269
100000,100000,0.271653119348,0.337692754892
100000,100000,1.34443095399,1.49703080124
100000,0.473864972803,0.777768149985,0.328190103987
100000,0.661427257068,0.833846610386,0.552731125408
100000,0.356557135682,0.759342170183,0.414332181443
100000,100000,100000,100000
100000,100000,0.606258400259,100000
100000,1.14554568469,1.18825851875,1.1239199551
10000,10000,10000,10000
100000,0.320715746798,0.301503223589,0.400100891393
0.175321207752,0.198171481455,0.214680746812,0.0904726369614
100000,0.629093293522,100000,0.506671127292
100000,0.560417907085,0.754875760681,0.449630689319
0.50297917692,0.398222890181,0.425653749469,0.122128445579
100000,0.48213077275,0.585351930955,0.341324047216
100000,1.15613771646,1.11698304877,1.19595910423
0.448981808904,0.272966824405,0.615368522334,0.134565430422
100000,0.637313283503,0.85239096389,0.3533942408
100000,0.242139957512,0.0996037186197,0.258146720672
100000,0.286480735189,0.248281805361,0.249649640756
1.06823150901,1.23351917217,1.1521628983,1.21427360227
100000,100000,1.22835142858,1.38996796015
0.431884455784,0.445962472054,0.576319309112,0.274085685684
100000,100000,0.365223412819,0.417534802148
100000,100000,1.34092245972,1.71371437975
100000,0.742283131526,1.0784515139,0.501278078428
100000,0.679789916029,1.21909587597,0.53468413342
0.46922430042,0.353573452734,0.44280393838,0.201923607132
0.719694701445,0.64441423747,0.544603542647,0.579814721605
100000,100000,1.42004511603,1.63364571659
0.501185756536,0.377291638945,0.524168907036,0.167501676617
0.680160384943,0.471634644734,0.629952651734,0.258581433843
100000,0.320715746798,0.343709015657,0.457493855138
100000,0.754157032758,0.864795487035,0.470699163128
100000,100000,0.389574705071,0.446355808937
0.470768450433,0.39648837141,0.648163970722,0.213675251425
100000,0.267805197206,0.238464848552,0.306370938621
100000,100000,0.888718994647,100000
0.759646663899,0.565613984866,0.886966894627,0.355506148344
0.77447935731,0.612516846897,0.756718682271,0.45746654861
100000,100000,0.259832500424,0.40731222418
0.595849467319,0.472738632237,0.526706899621,0.180657644937
100000,100000,0.30998863566,0.417534802148
100000,1.0106993843,1.03899869009,1.02025993653
100000,1.09420322561,1.08147416117,1.0565740292
100000,0.683026241488,0.804816850603,0.382527938085
10000,10000,10000,10000
0.627975885279,0.439171892334,0.233005676158,0.245446314024
100000,1.23249238963,1.17122737304,1.17040417489
100000,0.296259236857,0.526664929346,0.0992510475236
0.28572448073,0.157084337833,100000,0.195515922772
0.968020190074,0.946260762463,1.02509616388,1.13193390742
10000,10000,10000,10000
100000,100000,0.0678147969782,0.274337329415
10000,10000,10000,10000
100000,0.135889395859,0.0865071732183,0.166492512805
10000,10000,10000,10000
10000,10000,10000,10000
100000,100000,1.15977429623,0.982547202258
0.338951622706,0.262900008292,0.624385739061,0.250664739627
10000,10000,10000,10000
100000,1.27503611153,1.22954753697,1.24179042701
100000,1.17535290778,1.1341454516,1.04888348797
0.44433351811,0.40747404558,0.562771368567,0.0
100000,0.554416807848,0.357505861601,0.43708083498
0.284701373807,0.227471116826,0.230685056535,0.268952407444
100000,0.698849578844,0.774277811695,0.437698385538
0.338951622706,0.168786213957,0.0601723663777,0.182855117588
0.590458606314,0.45081751742,1.00709408241,0.189459620489
0.674305503574,0.634550247121,0.830569114019,0.428565071859
1.10002779239,1.13719296419,1.16676526304,1.24295198111
0.653688821728,0.458337987608,0.625273949052,0.198925769202
100000,0.445884743122,0.653777411949,0.238117953351
0.251930354146,0.111441293816,100000,0.187778811166
0.635150548437,0.423480682878,0.685017867481,0.250865070368
0.806673937919,0.643350531956,0.726718472185,0.408842496707
100000,0.255844087517,0.407150509132,0.303795758317
0.679432933812,0.483559528049,0.70509294015,0.358016500571
100000,0.571899709731,0.365071180213,0.339200506253
100000,0.206474295396,0.286047858517,0.230302228976
0.476612983086,0.307848617154,0.563368359107,0.0485645749199
100000,0.120705568827,0.13648449147,0.177291875147
0.41066655088,0.218848491603,0.487924664845,0.0412720367557
100000,0.579079277903,0.479393674669,0.49397342902
0.34584747589,0.357077950277,0.24600521036,0.178582820621
100000,100000,100000,100000
100000,100000,0.399099064699,0.536356210488
100000,0.234972284051,0.166700994244,0.134266096936
0.244117759381,0.117077385366,0.449618463112,0.0659775287053
100000,0.225329080163,0.188618721438,0.244622121674
0.226219469218,0.0910897991857,0.334249000334,0.0696325000986
0.205423795112,0.148399212243,0.517524529812,0.156692944707
0.280469718116,0.0744715860703,0.528513593352,0.067369779909
0.564018397082,0.353391336266,0.727862946399,0.270811011227
100000,0.575061299627,100000,0.355186483035
100000,0.441620876384,0.792792631728,0.315304865178
0.0680245778921,0.244679885774,0.579803260511,0.252160423484
0.36120963016,0.162923498497,100000,0.0534309454417
100000,0.309312639009,0.404387478967,0.392452435168
0.439081856379,0.362513479931,0.515760640752,0.125386258129
0.230451124908,0.243870299213,0.308982770091,0.297537083738
100000,0.272503220943,0.213722405224,0.269169583962
100000,0.45702752516,0.618247590997,0.308815973956
100000,0.573780189434,0.505799968154,0.626006129465
100000,100000,0.589201811386,100000
100000,0.304180547141,0.290508175375,0.309117016062
100000,100000,0.343867478551,0.353061972483
0.43773322989,0.237346129735,0.553311435711,0.144938009427
100000,0.234830195036,0.561083760497,0.167334150315
0.544340585128,0.421889354243,0.018512544363,0.20188968837
100000,100000,1.04135817516,1.18190702485
0.370134808695,0.248859072818,0.0645581073156,0.127173088386
0.490437967483,0.301506831238,0.547122213382,0.226588283187
100000,100000,1.37761895161,100000
100000,0.234972284051,0.103668758462,0.339932200438
0.54888465652,0.432277138233,0.482352936786,0.101434317542
100000,1.13393962812,1.20999493896,1.27266571981
1.12131384207,1.12407183072,1.15847181868,1.13375033567
100000,100000,0.566446446182,0.593926111981
100000,1.33072659142,1.43112302519,1.37412819235
100000,100000,0.640734090516,0.474635604329
100000,100000,1.30356143467,1.30726857997
100000,0.364163070345,0.460320075941,0.497524545224
100000,100000,0.89358916319,1.07688001046
100000,100000,1.01884874464,1.05511537038
0.772707840846,0.779117076537,1.16741077543,0.615122003003
100000,100000,0.312997352867,0.395041056642
1.01319040622,0.994632309086,1.10818990198,1.09748085031
0.482710330651,0.538066066657,0.233743138242,0.169601900946
1.10002779239,1.13719296419,1.16676526304,1.24295198111
0.603310824946,0.566385972917,0.653127148174,0.0823434473746
0.541734410547,0.475932900215,0.240691652963,0.116828022523
0.168156121776,0.358228664599,0.249431340407,0.152922290385
0.622286098951,0.645219028076,0.847253222431,0.261397024922
0.532573804997,0.532557094807,0.570272886249,0.0958197617892
100000,1.13936759973,1.06499396581,0.894597894526
100000,100000,100000,100000
100000,1.20281064521,1.31274188364,1.34852359907
1.08393110178,1.25323493681,1.2350047452,1.32434893084
100000,1.29112348652,1.22861535519,1.20655536478
1.00116601793,1.09908925949,1.08285030144,0.924015953901
0.703264838219,0.591212882946,0.553844649881,0.369533872127
0.0957806994297,0.149503168767,0.460919849296,0.116834293195
1.11050197278,1.19019903162,1.17866848372,1.18953219314
100000,1.10011163546,1.03839066087,1.05174466667
0.457637211284,0.4447940662,0.642030683198,0.316828425704
100000,0.358228664599,100000,0.256569122819
100000,1.0977296812,1.09917286115,1.04982469365
100000,100000,0.509040208664,0.406989860492
100000,1.12486300278,1.15883150212,1.13254525164
100000,100000,1.22504714936,1.24686103286
100000,0.525733089839,0.594927611447,0.263951851438
100000,0.782995181119,0.913019295668,0.597094860242
100000,100000,100000,0.315063911669
100000,0.592627170427,0.868997441974,0.312475562913
100000,1.11526222361,1.12486203809,1.14132519522
0.499084514495,0.558628992051,0.361555125932,0.486951979583
0.481135831036,0.33482468442,0.695543693485,0.13234210375
0.658772911204,0.545975430384,0.552506507627,0.280492164252
100000,1.27886708109,1.15915054409,1.06568403243
100000,0.250948423865,0.209669660359,0.190691505177
100000,0.580561376614,0.618545793117,0.216753199987
100000,0.340968810909,0.263069664829,0.309347488464
100000,1.2591063865,1.25136435172,1.37187895778
0.433695663735,0.303172773314,0.38833170015,0.155662629949
0.559905998612,0.394955483048,0.460667250424,0.218731412546
100000,1.247489207,1.20780611886,1.25872138933
100000,1.09184803261,1.26442394004,1.33260309769
100000,1.18522012802,1.21878549553,1.17870584849
100000,0.590622437913,0.433327053142,0.460457982797
100000,1.17535290778,1.1341454516,1.04888348797
0.469855290098,0.398790675788,0.682065933637,0.186788054174
100000,100000,1.14871118303,1.01377121653
0.47152924928,0.592152919907,0.8026349093,0.386065371735
100000,100000,1.15977429623,0.982547202258
100000,0.606801601595,0.808200549479,0.362415634719
100000,100000,100000,100000
0.593075371309,0.370642096449,0.420366072728,0.141415920691
0.579982413199,0.449878372437,0.733326345189,0.371618127898
100000,100000,1.18868497183,1.20000453341
100000,1.27503611153,1.22954753697,1.24179042701
100000,100000,1.07909277614,0.981711331418
100000,0.467475828795,0.620488153469,0.328230040551
0.310741110333,0.266390047545,0.304175656168,0.241312605161
100000,1.09163943949,1.07275885984,0.978881034332
1.01319040622,0.994632309086,1.10818990198,1.09748085031
0.643192925643,0.603345899634,0.581745970927,0.126576132106
100000,1.08935348556,0.978468477049,1.06749391064
100000,100000,1.44296887283,1.26611621797
100000,100000,1.01512875114,1.30637235271
1.04222181198,1.20085583672,1.17266336602,1.21121516651
100000,100000,1.21633565195,1.21915167004
0.870178095284,0.888396999187,0.978170956227,0.695746906233
1.10002779239,1.13719296419,1.16676526304,1.24295198111
1.21818734061,1.15350604177,1.18637989089,1.25877533928
100000,1.08775714135,1.0333145001,1.16951419931
0.69291243118,0.654207652842,0.905779759028,0.501940381746
100000,1.1195054811,1.14006464612,1.21179615209
0.687470238672,0.637017574066,0.906044550498,0.543531999311
1.04222181198,1.20085583672,1.17266336602,1.21121516651
1.19705215954,1.22480305132,1.25070988083,1.34062711407
0.740566867586,0.659989669297,0.979478398366,0.585607570679
0.0791745285619,0.136199645624,0.171521587167,0.200202177288
0.23446567487,0.200300237323,0.163454589759,0.205412690946
0.618057890443,0.562973156137,0.667490009965,0.379193273704
100000,1.12831135878,1.10550550657,1.24410480186
0.955564704349,1.01232575335,0.975978315373,1.00583048458
0.615135314469,0.596386526958,0.606140968876,0.40881615943
1.01319040622,0.994632309086,1.10818990198,1.09748085031
0.691770655772,0.652773795572,0.875953006622,0.457996338788
0.943041903481,0.799779184867,0.923251653746,0.595603047001
0.604635045971,0.394308587818,0.668956545198,0.104442734345
0.451344283318,0.372095235053,0.72296616342,0.215033927269
1.05729965125,1.00753891145,1.01548964274,0.994581194571
0.612930476695,0.476517652375,0.603797868869,0.170881709055
0.404006118592,0.223266920787,0.521902249733,0.145944726654
0.446675916802,0.231341354187,-0.369065566753,0.00956775905443
1.10002779239,1.13719296419,1.16676526304,1.24295198111
0.4092113537,0.205711074276,0.396988156339,0.143703089341
0.36172454363,0.185928932292,0.367609216931,0.131581324475
0.61320637755,0.52238686864,0.692734355636,0.245458324726
0.393201871605,0.211536015402,0.0939044682353,0.151761528888
0.519372742791,0.350681946693,0.608864264661,0.186502899945
1.01319040622,0.994632309086,1.10818990198,1.09748085031
0.129783815631,0.140125590553,0.0184150440918,0.188935098932
0.617870136908,0.57941244909,0.62166856418,0.411085894751
0.541192235241,0.397384350535,0.521884973335,0.168873810168
0.380965201716,0.237014509155,0.000917991080298,0.254913481724
0.260800201067,0.086271794141,-0.0340193771176,0.0986131139122
1.12084836226,1.0669357517,1.15727937468,1.16263512587
0.393201871605,0.211536015402,0.0939044682353,0.151761528888
100000,1.33072659142,1.43112302519,1.37412819235
1.13518171204,1.09461127005,1.15571934333,1.17332122764
100000,1.14063300564,1.2091684032,1.26891670288
0.742168870753,0.705708868936,0.885627459482,0.516408283726
1.10060968562,1.11599132915,1.12549768559,1.20362267761
100000,1.05156797234,1.15499691937,1.15279673568
0.894643811714,1.19163421894,1.11160870469,1.13484042945
100000,1.12163111078,1.07215290552,1.10459686915
1.04598169783,1.17730179158,1.17644697432,1.03612482707
100000,0.332146438353,0.295666357552,0.321775990303
1.10002779239,1.13719296419,1.16676526304,1.24295198111
100000,100000,0.326244051735,0.39845702436
100000,0.372339388643,0.641023263985,0.303815815879
100000,1.13393962812,1.20999493896,1.27266571981
100000,100000,1.27758607382,1.42752798693
100000,0.305968619793,0.477256709336,0.146819267584
100000,0.484291040575,0.862637570434,0.425671012036
100000,0.432828515363,0.840730922786,0.389907962713
100000,0.270690978629,0.223436477734,0.218938646445
100000,100000,100000,0.55002158092
0.365726261955,0.203470311592,0.38866536281,0.137226038976
0.534290245829,0.377760168294,0.0404720407664,0.0820538661331
100000,0.661853145394,1.02166038698,0.577405438944
100000,100000,0.330034539994,0.260557838233
10000,10000,10000,10000
100000,0.551190630809,0.799693032329,0.472432441974
1.12131384207,1.12407183072,1.15847181868,1.13375033567
0.365726261955,0.203470311592,0.38866536281,0.137226038976
0.599751823773,0.508939518552,0.772670298897,0.31835789694
0.290648529739,0.25373585922,0.601876229228,0.22061926576
0.603538930779,0.563223367668,0.793098031819,0.383918489908
10000,10000,10000,10000
100000,100000,0.682687497378,0.58109399194
100000,1.29112348652,1.22861535519,1.20655536478
1.10002779239,1.13719296419,1.16676526304,1.24295198111
0.286734385904,0.158921931104,0.148394713332,0.149009057525
100000,1.20475114647,1.33329640309,1.28177223334
100000,1.29635287881,1.48447966616,1.38855459029
100000,100000,1.44776845663,1.48623652142
100000,1.30023343566,1.35655876979,1.45666587408
100000,1.31467838039,1.310353767,1.4471387218
100000,1.1897847401,1.35549700619,1.33483356894
100000,1.13819897054,1.36271534083,1.36191777124
100000,1.13462098766,1.15665940252,1.17198404054
100000,0.309127261224,0.230212575071,0.370809706628
100000,100000,1.12955310305,1.22637398437
100000,100000,100000,100000
100000,100000,1.3670847209,1.46699251966
100000,100000,1.56174450744,1.68957113844
100000,100000,0.542645985558,0.521652682581
1.14616796864,1.22341219399,1.3180875357,1.30601502816
100000,1.15989011392,1.22515807667,1.26733058755
0.497334716171,0.433299717191,0.135524501505,0.293964710811
1.19912513998,1.23970839239,1.3548095387,1.44394105281
100000,100000,0.34249485873,0.356706413668
100000,0.539497970454,0.0371624718091,0.503186970038
1.12944394175,1.4183712442,1.5172374226,1.52278709609
0.401383686826,0.306021906988,0.182817432954,0.180110713926
100000,0.729453604951,0.583744520056,0.706097406836
100000,1.30109834483,1.40217040144,1.4388253636
100000,100000,1.77333523193,1.56552215271
100000,100000,1.5735562694,100000
100000,0.412112347138,0.283951837201,0.257889968077
100000,0.973335808894,1.03710596053,0.951432142743
10000,10000,10000,10000
0.590717031448,0.497593502024,100000,0.383626773978
100000,0.488474149721,0.633399523494,0.374524547194
100000,100000,1.23091103679,1.57728025915
100000,1.08837828616,1.16751599674,1.24525887066
100000,1.15886331074,1.2321703957,1.25094106378
0.47567618201,0.300488480966,0.463959375915,0.0939139287264
100000,0.592073655202,0.287332942322,0.390383180285
0.746310740957,0.685122967519,0.498060720332,0.562595752132
100000,0.572627235106,0.382854929525,0.532877893226
0.071714928174,0.0793196010131,0.0244336778106,0.0402213873035
100000,0.465716547731,0.302063086664,0.221290303725
100000,0.503109150872,0.844676420733,0.374821667167
100000,0.37285091366,0.641741359398,0.152606741685
100000,1.13462098766,1.15665940252,1.17198404054
0.776727031379,0.566655239868,0.656281834878,0.27311174474
100000,1.20846370918,1.22971088745,1.33009912959
0.84483410401,0.816717218625,0.913137656605,0.637940186038
1.10002779239,1.13719296419,1.16676526304,1.24295198111
0.368833434401,0.253487303653,-0.111610038471,0.0915287676669
100000,1.13819897054,1.36271534083,1.36191777124
1.12131384207,1.12407183072,1.15847181868,1.13375033567
1.04222181198,1.20085583672,1.17266336602,1.21121516651
100000,100000,1.28465143899,1.37688016156
0.432717640659,0.331160884408,-0.00835066672477,0.111533962211
0.961618532284,0.929142262437,0.97351692576,0.879459269097
100000,100000,1.33190383935,1.23537875673
100000,1.0269099071,1.12946078965,1.05784826725
1.11996263521,1.11577596335,1.17678768355,1.15804936469
1.14476816551,1.22165430194,1.29467105236,1.39583989103
0.299937672951,0.160704543775,-0.00216579919714,0.0861786514673
1.10002779239,1.13719296419,1.16676526304,1.24295198111
0.187675026359,0.0967877370756,0.0165498767277,0.0905028015507
0.683295853313,0.721835917152,0.898707651111,0.440232343128
100000,0.547152548997,0.42024999421,0.454012001198
100000,0.23832954374,0.166519318968,0.267153538482
0.612642459769,0.625241157272,0.755523110645,0.436032666495
100000,0.342258949052,0.213097786541,0.282995159638
100000,100000,100000,1.39251087845
100000,0.64819163181,0.329669631656,0.41925891184
100000,100000,100000,1.52441394661
0.272464703918,0.15060656321,0.120924746425,0.153914031443
100000,100000,100000,1.5157700626
100000,0.624254062424,0.969037818714,0.510589911523
0.399149027536,0.287132744758,-0.000839404150429,0.0998600303587
1.10002779239,1.13719296419,1.16676526304,1.24295198111
100000,0.552656374589,0.411641088569,0.542306235957
10000,10000,10000,10000
0.160054173647,0.340968810909,0.208943856242,0.321292910567
100000,100000,100000,1.53906444392
100000,0.472981079891,100000,0.255362717227
100000,0.816209779938,0.789505359059,0.873494325622
100000,0.920257638518,0.834585832803,1.14089523809
100000,100000,1.51159913135,1.4684166843
100000,0.259753229907,0.316444892451,0.283732827414
10000,10000,10000,10000
100000,0.591041361233,1.04860045338,0.459128174178
10000,10000,10000,10000
100000,100000,0.388463699557,0.479398265336
100000,100000,1.45738655903,1.55648369953
100000,100000,100000,0.485833198408
100000,0.404050513444,100000,0.337712674613
100000,1.02928248681,1.15279387156,1.14005056337
0.443220464813,0.352217731523,0.250508735748,0.317324891243
100000,100000,1.45738655903,1.55648369953
100000,100000,100000,100000
0.737697732673,0.682173889207,1.02889553178,0.555559790807
10000,10000,10000,10000
10000,10000,10000,10000
100000,0.480540511572,0.427505612552,0.41709202805
100000,0.718665054125,1.30807551504,0.640578981681
0.436706287405,0.34822024704,0.655553195528,0.177129026571
1.00191817301,0.954409539178,0.910271689373,1.07826383675
0.170941791249,0.261245856988,0.22195000781,0.268048407551
1.10002779239,1.13719296419,1.16676526304,1.24295198111
100000,0.162677528166,0.205606704478,0.19287407502
100000,100000,1.38571991055,1.31390793109
100000,100000,1.21451965122,1.26281225412
100000,100000,1.53349018961,1.39618269261
100000,0.323333372197,100000,0.3884020607
100000,0.409109942038,0.690170277754,0.389524602491
100000,0.155161019154,100000,0.191324942401
100000,100000,100000,100000
100000,100000,1.51159913135,1.4684166843
100000,100000,100000,100000
0.071714928174,0.135183650695,0.0919877683987,0.158242429979
1.10002779239,1.13719296419,1.16676526304,1.24295198111
100000,1.30109834483,1.40217040144,1.4388253636
100000,0.275418509753,0.29905365233,0.313881023822
100000,0.82625304316,1.27683003004,0.840172814584
0.600750725788,0.456762953723,0.508001339233,0.236439096038
100000,100000,100000,1.32952070525
100000,0.343810049878,0.448555050684,0.492750750323
0.393629792655,0.250088635451,-0.0848872813843,0.00696727104436
0.671080844385,0.521267922787,0.594409575956,0.206641821477
1.03665716057,1.1938676709,1.12217213593,1.185639858
100000,0.168476692924,0.6201731745,0.240484186292
100000,0.951563474834,0.988685325265,1.19462758841
0.283664715406,0.131564983127,0.173495946852,0.0565845263471
10000,10000,10000,10000
10000,10000,10000,10000
100000,0.291789804904,0.320514770552,0.294440190806
100000,0.297546053181,0.477229694025,0.174034736233
0.737442741013,0.619343457365,0.841061782551,0.423550412329
100000,0.528153096394,0.911519219502,0.323401463573
0.601161194601,0.46554280682,0.603221236978,0.161129855242
0.367890452331,0.220533683295,0.468109035801,0.136978992475
0.585434313955,0.406806307317,0.475842146572,0.088772646019
100000,0.248511149519,0.505611933405,0.316787268702
100000,0.198041250325,0.660032664119,0.263297257834
0.665698255979,0.704778139347,1.10537688952,0.458730556289
0.42829582867,0.143986111937,0.0399694951827,0.244752318187
100000,0.910853356559,0.805626438122,1.10811078243
100000,100000,1.24920914213,1.47108667257
100000,0.172519777088,0.626155812639,0.180581667266
0.52634528304,0.311542783516,0.509264499939,0.259952318773
0.531173023713,0.363241302816,0.615226282728,0.258362510703
0.217812055341,0.0926677680022,-0.00191161612505,0.0836392713664
1.10002779239,1.13719296419,1.16676526304,1.24295198111
100000,1.20346277,1.33149322936,1.21670152696
100000,1.25301726747,1.34390119083,1.41540228849
100000,100000,0.431001388423,0.485833198408
100000,100000,100000,0.614710453618
0.383512125123,0.399754641244,0.229289366031,0.176427542963
0.256490861434,0.225704172811,0.20967491,0.25431825349
100000,100000,100000,0.94264896306
0.620613672816,0.565251093851,0.769533314088,0.346245899796
100000,1.05156797234,1.15499691937,1.15279673568
1.10002779239,1.13719296419,1.16676526304,1.24295198111
100000,1.05156797234,1.15499691937,1.15279673568
0.280469718116,0.0744715860703,0.528513593352,0.067369779909
0.569700288051,0.436965938185,0.436561756352,0.137267764225
0.451466670466,0.206873069816,0.365501760458,0.0605648538594
100000,100000,100000,100000
100000,1.15046527998,1.10444056317,1.06248517978
100000,100000,1.27236850066,1.32296133108
0.602993884542,0.392247594712,0.584867457219,0.106592210561
0.961618532284,0.929142262437,0.97351692576,0.879459269097
100000,0.194969493159,0.484405036203,0.247921443471
