1.07703831583,1.07938909221,1.10445462943,1.27487984175
100000,100000,100000,100000
0.658602258377,0.678699097356,100000,0.863186569171
10000,10000,10000,10000
100000,100000,100000,0.224691536262
100000,100000,100000,1.23902681491
1.07703831583,1.07938909221,1.10445462943,1.27487984175
100000,100000,100000,0.182947994037
1.07703831583,1.07938909221,1.10445462943,1.27487984175
100000,100000,100000,0.131746851577
100000,100000,100000,0.710412354313
10000,10000,10000,10000
100000,100000,100000,0.380641585366
10000,10000,10000,10000
0.511428798735,0.527034730975,0.422325218286,0.63809987241
0.497428286598,0.603215248643,0.552731873273,0.356123903576
100000,100000,100000,1.3189351288
100000,100000,100000,0.378540223127
100000,100000,100000,1.50259073764
0.417869848414,0.430620887377,0.409271378678,0.456713480627
0.297779606518,0.243100462205,0.320653746724,0.468115208678
0.534200802673,0.572151904984,0.415627120782,0.367428029796
10000,10000,10000,10000
0.22898287182,100000,0.273849544898,0.728057709757
0.380763558827,0.409175597038,0.438467744959,0.154938346722
10000,10000,10000,10000
100000,1.06937075422,100000,1.30075716419
100000,100000,0.851912721452,0.898526456295
10000,10000,10000,10000
100000,100000,100000,0.222492938156
10000,10000,10000,10000
100000,100000,100000,0.253758264428
100000,100000,100000,0.713893739551
100000,0.667352963984,100000,0.629219232163
10000,10000,10000,10000
1.07703831583,1.07938909221,1.10445462943,1.27487984175
0.423798010055,0.384565267594,0.444079081072,0.421425978027
1.06671457748,100000,100000,1.49899664343
100000,1.01530895537,100000,1.24090070792
100000,100000,100000,1.14598083654
0.197766944978,0.203801680508,100000,0.186358994188
100000,100000,100000,1.3189351288
100000,100000,0.851912721452,0.898526456295
100000,100000,0.490569556908,0.260905186079
100000,100000,100000,0.294085637141
100000,100000,100000,1.50259073764
0.417869848414,0.430620887377,0.409271378678,0.456713480627
0.297779606518,0.243100462205,0.320653746724,0.468115208678
0.534200802673,0.572151904984,0.415627120782,0.367428029796
100000,100000,100000,0.398886007621
100000,100000,1.02201056202,1.18888544033
0.492971085916,0.486363496,100000,0.407504320195
100000,0.537374207161,0.510732036177,0.509900625682
1.07703831583,1.07938909221,1.10445462943,1.27487984175
100000,0.507365015054,100000,0.917783011222
0.52633067057,0.542391324177,100000,0.516837877656
100000,100000,100000,0.449474857423
100000,0.432686200555,0.411234296865,0.506960735883
0.423798010055,0.384565267594,0.444079081072,0.421425978027
0.637666747896,0.657124752772,0.624545537418,0.801427377401
100000,0.565094193352,100000,0.693043461264
100000,0.380040643331,100000,0.650697213953
100000,0.561025217618,100000,0.902203024358
100000,0.423792152731,100000,0.641348052228
100000,100000,100000,0.320291575371
100000,0.706291111183,100000,0.769412359115
100000,0.569032762333,0.540821009801,0.644941187413
0.197766944978,0.203801680508,100000,0.186358994188
0.497428286598,0.603215248643,0.552731873273,0.356123903576
100000,100000,100000,1.3189351288
100000,100000,0.490569556908,0.260905186079
100000,100000,100000,0.294085637141
100000,100000,100000,1.50259073764
0.417869848414,0.430620887377,0.409271378678,0.456713480627
0.297779606518,0.243100462205,0.320653746724,0.468115208678
0.534200802673,0.572151904984,0.415627120782,0.367428029796
100000,0.134843730277,100000,0.263392812143
1.07703831583,1.07938909221,1.10445462943,1.27487984175
100000,0.193032237458,100000,0.195063859662
0.879699351636,0.906542831134,100000,1.05981286731
100000,100000,100000,1.3951310018
100000,100000,100000,1.7604283972
100000,100000,100000,0.347756827798
0.215030246244,0.221591760693,100000,0.205138105651
10000,10000,10000,10000
100000,100000,0.551356090715,0.664139719369
100000,100000,100000,1.34227969359
100000,100000,100000,1.152996843
100000,100000,100000,0.274138908281
100000,0.783970881423,100000,1.37713918011
0.981366240137,100000,100000,1.05037956225
100000,100000,100000,0.385174110707
0.545294958098,100000,0.563075997503,0.605896138671
100000,100000,100000,1.31557528539
0.197766944978,0.203801680508,100000,0.186358994188
0.497428286598,0.603215248643,0.552731873273,0.356123903576
100000,100000,100000,1.3189351288
100000,100000,0.851912721452,0.898526456295
100000,100000,0.490569556908,0.260905186079
100000,100000,100000,0.294085637141
0.489707966778,100000,100000,0.16100675967
100000,100000,100000,1.50259073764
0.417869848414,0.430620887377,0.409271378678,0.456713480627
100000,100000,100000,0.402360084734
0.297779606518,0.243100462205,0.320653746724,0.468115208678
0.534200802673,0.572151904984,0.415627120782,0.367428029796
100000,0.250774109982,100000,0.417632730361
1.07703831583,1.07938909221,1.10445462943,1.27487984175
1.00483358899,0.983330786444,1.01315874392,1.10896055964
100000,100000,100000,0.414401950148
0.613821556381,0.558736967938,0.486073450363,0.395105470229
100000,0.265385848719,0.301806867004,0.152696046268
0.407850149873,0.346480471851,0.428459378554,0.434299773362
100000,100000,100000,1.00425062471
0.406652166435,0.366896229202,0.427286045912,0.404747060806
0.511428798735,0.527034730975,0.422325218286,0.63809987241
100000,100000,100000,0.313304665883
100000,1.06937075422,100000,1.30075716419
100000,100000,100000,1.3189351288
100000,100000,0.851912721452,0.898526456295
100000,100000,100000,0.107155295062
0.489707966778,100000,100000,0.16100675967
0.417869848414,0.430620887377,0.409271378678,0.456713480627
0.297779606518,0.243100462205,0.320653746724,0.468115208678
0.534200802673,0.572151904984,0.415627120782,0.367428029796
100000,100000,100000,0.972394348366
0.490419585328,0.407603361015,0.480328266276,0.383367956051
1.07703831583,1.07938909221,1.10445462943,1.27487984175
0.423798010055,0.384565267594,0.444079081072,0.421425978027
10000,10000,10000,10000
0.548879936779,100000,0.53758568441,0.485765179375
100000,100000,100000,0.708743168799
10000,10000,10000,10000
10000,10000,10000,10000
100000,0.479384216895,100000,0.699702858636
100000,100000,100000,0.917661857466
100000,100000,100000,0.107155295062
0.489707966778,100000,100000,0.16100675967
0.417869848414,0.430620887377,0.409271378678,0.456713480627
0.297779606518,0.243100462205,0.320653746724,0.468115208678
0.534200802673,0.572151904984,0.415627120782,0.367428029796
100000,100000,100000,0.972394348366
0.406652166435,0.366896229202,0.427286045912,0.404747060806
0.511428798735,0.527034730975,0.422325218286,0.63809987241
100000,100000,100000,0.313304665883
100000,1.06937075422,100000,1.30075716419
100000,100000,100000,1.3189351288
100000,0.406253410581,100000,0.643005775255
100000,100000,0.851912721452,0.898526456295
100000,0.828450613547,100000,1.16782520546
1.07703831583,1.07938909221,1.10445462943,1.27487984175
0.151860109828,0.156494026787,100000,0.161855970466
0.634036128523,0.653383347303,0.620989624968,0.541625824317
100000,100000,100000,0.192352955574
0.683827729136,100000,100000,1.0486933581
100000,100000,100000,0.283239628061
0.467466796443,0.412773305249,0.457847774833,0.516382998514
100000,100000,100000,0.403958798749
100000,100000,100000,0.832879888231
100000,100000,100000,1.25072271647
0.406652166435,0.366896229202,0.427286045912,0.404747060806
100000,100000,100000,0.994346560326
100000,100000,100000,1.04989535182
100000,100000,100000,0.464975121989
100000,100000,100000,1.3189351288
100000,100000,0.851912721452,0.898526456295
100000,100000,100000,0.107155295062
0.489707966778,100000,100000,0.16100675967
0.417869848414,0.430620887377,0.409271378678,0.456713480627
0.297779606518,0.243100462205,0.320653746724,0.468115208678
0.534200802673,0.572151904984,0.415627120782,0.367428029796
100000,100000,100000,0.972394348366
0.525678133608,0.520068578945,100000,0.108806475135
1.07703831583,1.07938909221,1.10445462943,1.27487984175
100000,100000,100000,0.294085637141
0.197766944978,0.203801680508,100000,0.186358994188
1.07703831583,1.07938909221,1.10445462943,1.27487984175
0.369717648858,100000,100000,0.1357294871
0.328617841398,100000,0.321855902065,0.174163687991
0.0495784327355,-0.0205769087407,-0.0205769087407,0.0728478085912
0.619144863943,0.459307695596,0.534048444244,0.262542089675
0.0205769087407,0.128158389466,-0.0365375991387,0.072394563283
0.509204384872,0.450927468398,0.527728056708,0.586635835747
1.07703831583,1.07938909221,1.10445462943,1.27487984175
100000,100000,100000,0.289154705545
10000,10000,10000,10000
0.479764470421,0.494404185343,100000,0.718192573628
100000,100000,100000,0.704638837621
10000,10000,10000,10000
100000,100000,100000,0.529905106279
100000,0.258434043368,100000,0.318219217285
100000,100000,100000,0.395406629189
0.423724502977,0.436654193089,0.415005562548,0.587000447736
100000,0.483825304192,100000,0.586760920983
0.430161571086,0.360608629653,0.421310175694,0.540483218682
100000,0.13085089642,100000,0.533400162715
0.602192781801,0.537889265946,0.425105527281,0.652220330621
0.479764470421,0.494404185343,100000,0.718192573628
100000,0.124546355352,100000,0.53191137507
0.175116555182,0.180460128132,0.171513197808,0.161009019508
0.357685693505,0.316435574754,0.321324103637,0.327222491502
0.573656427323,0.538996521415,100000,0.692295987148
0.157141635367,0.090027103167,0.21944726941,0.288381757812
0.425360776261,0.355661341555,0.416608166386,0.828405823768
100000,100000,100000,0.214400493295
100000,100000,100000,1.20618486956
100000,100000,0.115117555869,0.187914121099
100000,100000,100000,1.00202740763
0.479764470421,0.494404185343,100000,0.718192573628
100000,100000,100000,0.335318226352
0.570127289341,0.513709397469,0.459238966666,0.604456447017
0.484282162082,0.446895055965,0.45835644183,0.363024437694
0.336312243553,0.294409927248,100000,0.620525728201
0.478211698761,0.440639356225,100000,0.202208135739
1.07703831583,1.07938909221,1.10445462943,1.27487984175
0.611809055723,0.599963650091,0.599219916616,0.425370891617
100000,100000,100000,0.353800176254
100000,100000,100000,0.229119749641
0.183471860271,0.106391335486,0.208698100541,0.128777063771
100000,100000,100000,0.78052396383
0.44744081935,0.46109419813,100000,0.513358214698
100000,0.484730943505,100000,0.523703734128
0.698979735052,0.63762961298,100000,0.516218476793
100000,100000,100000,0.482366435346
100000,100000,100000,1.15597277965
0.625414386606,0.561819463603,100000,0.455138895441
0.696462842119,0.717714973303,100000,0.934803618806
100000,0.541521607402,100000,0.62763061722
100000,100000,100000,0.384979381943
0.798443404266,0.718478057791,100000,1.12456161925
0.628002551556,0.647165659481,100000,0.583750498594
1.09725181763,1.07856909995,1.07467376711,1.17370019046
0.420106213718,0.311802868154,0.382460202502,0.417694915509
100000,0.438673150141,0.416924422873,0.5047383331
100000,0.721696449029,100000,1.02090617971
0.67203054123,0.692537135922,0.608623797377,0.516478343989
0.669101166864,0.637353697921,0.655333133215,0.522129804322
0.551611050609,0.568443119315,0.54026060036,0.520127997685
0.511362378289,0.52696628375,100000,0.604119472519
0.676252946803,0.696888385579,0.638271050332,0.487907387505
0.657989123422,100000,100000,0.646929365159
0.57169534262,0.589140271026,0.638511576457,0.367410155082
0.546639537341,100000,100000,0.566951871386
0.415067714279,0.427733247859,0.356948471066,0.109262636552
100000,100000,100000,0.41538764279
100000,0.590428113883,100000,0.682696586392
100000,100000,100000,1.19944784951
100000,0.725556150347,100000,1.08016506926
100000,0.832713429458,0.841007235443,1.17982489309
100000,100000,100000,1.10215732491
100000,0.513750220751,100000,0.949310208757
100000,100000,100000,1.10333673458
100000,0.784930560367,100000,1.21143052376
100000,100000,100000,1.24593947602
100000,100000,100000,0.22084688674
100000,100000,100000,0.343135653508
0.532703091475,0.368498067417,0.350228510768,0.0783385623599
0.436633697416,100000,100000,0.227010215654
0.577220886089,0.564320043937,0.565343464592,0.118068375762
100000,100000,100000,1.1896907291
0.273117206548,0.305417309868,0.299826239353,-0.108768626996
0.524466458704,0.562120523552,0.513674560245,0.323784586766
0.702609235002,0.724048919548,0.737730141628,0.794268581407
0.731977468039,100000,0.542222955052,0.681129087975
0.556978149866,0.599296125238,0.506964696272,0.301738789609
0.359515557384,0.387279226024,100000,0.419564054745
100000,100000,100000,0.243601146831
0.243348482148,0.168095055301,0.238341122639,0.0485663916205
1.07703831583,1.07938909221,1.10445462943,1.27487984175
100000,0.461258337167,100000,0.168272531824
100000,100000,100000,1.39559641612
100000,100000,100000,0.888149184647
100000,100000,100000,1.0836943892
100000,100000,100000,1.07107648966
100000,0.679434121613,100000,0.755496371262
100000,0.519912059362,100000,0.888947035038
100000,100000,100000,0.91632945208
0.483750686344,0.47686174166,0.453219683877,0.731782582377
0.85598652355,100000,100000,0.930229224924
1.07703831583,1.07938909221,1.10445462943,1.27487984175
0.588157933367,0.606105207508,0.510516338114,0.319005643865
1.07703831583,1.07938909221,1.10445462943,1.27487984175
1.09725181763,1.07856909995,1.07467376711,1.17370019046
0.449987016066,0.515882766053,0.461304583042,0.367382373026
0.583965256391,0.601784593597,0.571949056603,0.486725978653
0.565864424,0.583131425545,0.554220683388,0.370477180419
0.631129987194,0.650388526876,0.440406460843,0.610440405242
0.532554102761,0.548804660537,0.472017352854,0.544488208454
100000,0.698402636541,0.614198495668,0.267958391248
0.710224156359,0.679731529906,0.695609938708,0.557770472163
0.544539476094,0.508991084499,0.434177671518,0.432313992781
0.686130142051,0.693345872857,0.687972395132,0.389828382321
1.07703831583,1.07938909221,1.10445462943,1.27487984175
0.619749915256,0.638661199109,100000,0.755042658974
100000,100000,100000,1.24593947602
0.542333762206,0.497853982045,0.580752642609,0.29813906455
100000,100000,0.390353019329,0.533832268098
0.893150116989,1.00308309292,0.903773372535,0.923386452014
100000,100000,0.94582849299,1.06718936556
1.01144777185,1.04231147259,0.912055346624,0.990239793637
0.251950091942,0.259638192558,0.168185781163,0.0837988364324
100000,100000,100000,0.205646929483
100000,0.356764846939,100000,0.618672147867
100000,100000,100000,0.553457029972
100000,100000,100000,0.796937654288
0.285692206944,100000,100000,0.129603433355
100000,0.303607747483,0.288555351196,0.180115628416
100000,100000,100000,0.700504511579
100000,100000,100000,0.598913685618
0.427329626435,0.440369324651,0.41853650371,0.370935388781
0.519288988194,0.482970093639,0.508603626073,0.443211748374
0.476232081209,0.573443062149,0.495434221129,0.291949703523
100000,100000,100000,0.307012987626
0.724108441918,100000,0.63062857186,0.631206774051
0.202480146437,0.156494026787,0.0991568654709,0.119864179935
100000,0.698402636541,0.614198495668,0.267958391248
100000,100000,100000,0.736857544723
0.347778113624,0.358390346821,0.340621915118,0.472455475243
0.101240073218,0.0802308598107,0.0495784327355,0.622771596211
100000,100000,100000,1.24593947602
0.476232081209,0.573443062149,0.495434221129,0.291949703523
100000,100000,100000,0.307012987626
0.285692206944,0.294409927248,0.279813544473,0.0935369882757
100000,100000,100000,0.550529287954
0.400550747885,0.412773305249,0.392308651699,0.52889350404
100000,100000,0.513073722692,0.573599609782
0.592692435187,0.641292455921,0.580496657037,0.423872995942
0.553033189716,0.62207332971,0.570655000236,0.47990974409
0.250781598601,100000,100000,0.11836465084
100000,100000,100000,1.12461028505
100000,100000,0.648051537555,0.735260303658
100000,100000,100000,1.17457986793
100000,100000,0.470392238922,0.18163833016
100000,100000,100000,0.366855009775
100000,100000,100000,0.585851383971
100000,100000,100000,1.50259073764
100000,100000,100000,0.51072740964
100000,100000,100000,1.33163647155
0.168156121776,100000,100000,0.303482853711
100000,100000,100000,1.22236441837
0.479250539547,0.493874572188,0.469389044931,0.53643268396
0.449909980957,0.515803380266,0.325534668469,0.345275271907
100000,0.96647305553,0.918556836155,1.18535736615
0.635925317308,0.603165507915,0.523683074617,0.380475448065
100000,0.50221718187,0.4773180411,0.446735591642
100000,0.448066597516,0.392234415513,0.328743666768
0.549749343187,0.566524603048,0.488858768387,0.36156720311
100000,100000,100000,0.598913685618
100000,100000,100000,0.271459550412
100000,100000,100000,1.20551933463
100000,100000,100000,0.835523446193
1.03619156885,100000,100000,1.34311094687
0.970287835074,0.999895565895,100000,1.17806536612
100000,0.838289364193,100000,1.02876775176
100000,100000,0.171513197808,0.367516327666
0.447917617186,0.513750220751,0.488279289989,0.430939652147
100000,100000,100000,0.985145814187
0.537850656447,100000,0.576361785309,0.427356799129
0.67576442686,0.657941387609,0.740439240648,0.596416807778
100000,0.220259730896,0.229916507385,0.328399072136
0.371992888198,0.435508695802,100000,0.417276233346
0.390582278422,0.371986275044,0.353543778528,0.228535372034
100000,100000,1.02160584917,1.143238755
100000,100000,100000,1.60691347476
0.656319345927,0.67634652325,100000,0.627009941712
100000,100000,100000,0.817464166819
1.02672529448,1.11021985492,100000,1.30340682415
0.394223912665,0.406253410581,0.386112003191,0.432163575808
0.456852895046,100000,0.447452274716,0.150370913411
0.359169257051,0.353335809281,0.311751272329,0.0478539348056
100000,0.478607021842,0.454878435803,0.197731699005
0.584088097927,0.571396804481,0.621647803175,0.517381641575
1.00483358899,0.983330786444,1.01315874392,1.10896055964
100000,100000,0.94582849299,1.06718936556
100000,100000,100000,1.12266011935
0.554034074793,0.476659997382,0.555674599794,0.240156786364
0.436956530232,0.502454663035,0.448542224326,0.357579755109
0.213082683473,0.271749444849,0.258276533276,0.162032461109
100000,0.598627911648,0.568948877997,0.688559338472
0.893150116989,1.00308309292,0.903773372535,0.923386452014
100000,100000,100000,1.27098396239
100000,100000,100000,0.807930739602
100000,0.473139916682,0.350525515677,0.395190996831
0.566335480949,100000,0.505103614705,0.414235972229
0.383951079466,100000,0.376050553143,0.233846195513
0.40595197626,0.439989645264,0.418175648232,0.375206310244
0.373214699258,0.436767789667,0.36553509445,0.298396881817
0.341253305651,100000,100000,0.469904646499
0.226287758753,0.263707168292,0.234672289789,0.303827518103
0.662847743305,0.735238806216,0.620206861788,0.463925507193
1.07703831583,1.07938909221,1.10445462943,1.27487984175
100000,100000,100000,1.24593947602
100000,0.193032237458,0.183462001657,0.215556350434
100000,100000,0.834506628166,0.908343811241
100000,100000,100000,0.840402045213
0.274677720534,0.313573719711,0.298027226141,0.44196698073
1.09725181763,1.07856909995,1.07467376711,1.17370019046
100000,100000,100000,0.275235159845
0.0919327907516,0.11882140834,0.0728550129639,0.161991696206
100000,100000,100000,0.207516960443
0.409195634288,0.411632716996,0.400775653064,0.249039019202
0.272084692791,0.332551863846,0.295487554892,0.282545840904
10000,10000,10000,10000
0.246745805199,0.336954154918,0.270670063278,0.787143985492
0.20832560741,0.297361588649,0.233040434393,0.713495335057
0.157705570801,0.245196913054,0.183462001657,0.524924581038
0.172869323235,0.260823377978,0.198313730942,0.778264092063
100000,100000,0.52267502675,0.238026357711
100000,100000,0.139184257168,0.13618569273
100000,100000,0.33749798811,0.254475726946
0.244212744019,0.334343798949,100000,0.196633483776
0.551188581888,100000,100000,0.259505349042
0.30921373163,0.401328251337,0.302851068893,0.116442026615
100000,100000,0.202650001534,0.160409226888
0.973467080903,0.86832809416,0.953436137617,1.14107536907
100000,100000,0.560404868503,0.448775164071
100000,100000,100000,0.879121119393
100000,100000,0.1371108784,0.141104881079
100000,100000,100000,0.230014493351
100000,100000,100000,1.06243799223
100000,100000,100000,1.0494111723
100000,0.778201208962,100000,0.73275043157
100000,100000,100000,0.513788511249
100000,100000,100000,1.27098396239
100000,100000,100000,1.37845769519
100000,100000,100000,0.263027585856
100000,100000,100000,1.16976822284
0.879699351636,0.906542831134,100000,1.05981286731
0.599261055152,0.587032755074,0.487773249637,0.342081003437
100000,0.890067995063,100000,0.952942970167
100000,100000,100000,0.788047163524
100000,0.36915978987,100000,0.57878404784
100000,100000,100000,1.31605304544
100000,0.613385622111,0.582974924305,0.610736786519
100000,1.06937075422,100000,1.30075716419
100000,100000,100000,0.917444763432
100000,100000,100000,0.924998014194
100000,0.397601860535,100000,0.772969491476
100000,0.471655216491,100000,0.20679249687
100000,100000,100000,0.340325004768
0.646342705867,0.621829968676,0.559397836959,0.355480350291
1.07703831583,1.07938909221,1.10445462943,1.27487984175
0.63747791967,0.424305358842,0.417622248497,0.33190292671
100000,100000,0.864191119521,0.970519233307
100000,100000,100000,0.842751039698
100000,100000,100000,0.704638837621
100000,100000,100000,0.827538772321
100000,100000,100000,1.09817736302
100000,100000,100000,1.14056231664
100000,100000,100000,0.948290084609
100000,0.546727020826,0.519621151999,0.569459961066
100000,100000,100000,0.394718344415
100000,0.668332608001,100000,0.691710992064
0.57331583156,100000,0.561518764014,0.812630342004
0.604121184327,0.570390891563,0.591690237848,0.707219390486
100000,0.502502069473,100000,0.921080514821
100000,100000,100000,1.37042978978
100000,0.415230918527,100000,0.723517495039
100000,100000,100000,1.14782442554
100000,0.569032762333,0.540821009801,0.644941187413
100000,100000,0.21060558849,0.115637147586
0.580978932811,0.598707144207,0.4904442256,0.482542330978
100000,100000,0.386112003191,0.599756251093
100000,100000,100000,0.175310512558
100000,100000,0.425815010844,0.514897956958
100000,100000,0.892671617707,0.936296175864
0.552221220431,0.516907232495,0.540858214774,0.381616435993
100000,100000,100000,1.39845296637
100000,0.778201208962,100000,0.73275043157
0.395208591976,100000,0.387076420845,0.538890861451
0.625414386606,0.561819463603,100000,0.455138895441
100000,100000,0.329391977209,0.530077232367
100000,100000,100000,1.12461028505
100000,100000,100000,100000
100000,100000,100000,0.731579028662
0.702609235002,0.724048919548,0.737730141628,0.794268581407
100000,100000,0.851912721452,0.898526456295
100000,100000,100000,0.229119749641
100000,0.742550729947,100000,0.666454776616
100000,100000,100000,1.20188576935
100000,100000,100000,0.49533032599
100000,100000,100000,0.234667526578
0.169959405391,0.196795907626,0.187039074957,0.497964821302
100000,100000,100000,0.5685724268
100000,100000,0.851912721452,0.898526456295
0.270603317946,0.19618155549,0.294036662162,0.0623029880847
100000,0.332551863846,0.266486030897,0.0792149524929
0.676252946803,0.696888385579,0.638271050332,0.487907387505
0.39032130396,0.360116308595,0.431868130845,0.440846090346
0.555619579205,0.547251832707,0.47584220004,0.282574237411
0.13085089642,100000,100000,0.155476215422
1.05694122236,1.03702845189,100000,1.27827684854
100000,100000,100000,1.44612605678
0.468966423587,0.535441318411,0.459316544287,0.0592642900179
100000,100000,100000,1.22236441837
0.439043222928,0.474090650777,0.414048380198,0.312613523015
100000,100000,100000,0.735583275128
100000,100000,100000,1.3189351288
0.536174795055,0.635214890688,0.603721931958,0.663819712183
10000,10000,10000,10000
100000,100000,100000,0.199977492512
100000,100000,100000,1.36672718365
100000,100000,100000,0.961592585134
100000,100000,0.399368278394,0.529189283509
1.07703831583,1.07938909221,1.10445462943,1.27487984175
0.702444361401,0.776043690527,0.548805970713,0.473471943481
100000,100000,100000,1.37797576378
100000,100000,100000,0.1784997651
0.375063640439,0.386508474545,100000,0.156654912026
100000,100000,100000,0.432045266051
100000,100000,100000,1.3629703622
100000,100000,100000,1.285240973
0.945678321549,100000,100000,1.1828471628
100000,100000,0.139184257168,0.221808158805
100000,100000,0.590603830817,0.629237154731
100000,100000,100000,0.701112990438
100000,100000,100000,0.317051022206
100000,100000,100000,0.445097140225
100000,0.570159803197,0.463312217015,0.427231842597
100000,100000,100000,0.274061727084
100000,100000,100000,0.733926704229
0.320923439243,0.27855154313,0.264741394185,0.496103119378
100000,100000,100000,0.303982933173
100000,100000,100000,0.660089129286
100000,100000,100000,1.24593947602
100000,0.289753325515,0.275387809756,0.18150656167
100000,100000,100000,0.345286903058
100000,0.522086432292,100000,0.294276792372
0.147146908369,0.203801680508,0.144119079864,0.130202470489
100000,100000,100000,0.418889346191
100000,100000,100000,0.929857683875
100000,100000,100000,0.648401574435
100000,1.06937075422,100000,1.30075716419
100000,0.620311231863,0.510977216449,0.468874085494
0.285692206944,100000,100000,0.548901002062
1.07703831583,1.07938909221,1.10445462943,1.27487984175
100000,100000,100000,0.217924586773
1.07703831583,1.07938909221,1.10445462943,1.27487984175
0.453518955332,0.415193129062,0.340693801113,-0.0048972195259
100000,100000,100000,0.965627950886
100000,100000,100000,0.331646386872
100000,0.536050695982,0.588054099338,0.448501307218
0.237936430612,0.314154863284,0.298579557526,0.120613361803
100000,100000,100000,0.273075743965
100000,100000,100000,0.392877137914
100000,0.269687460554,0.134382013859,0.0834524677814
100000,100000,100000,0.186175436295
100000,100000,100000,0.170071503907
100000,0.465404938198,100000,0.550677816684
100000,0.37349236559,0.276395242735,0.220197378451
100000,0.38099935335,0.411688435273,0.501228968765
100000,100000,100000,0.211508745985
100000,0.0942800831953,100000,0.719075045114
100000,100000,0.0991568654709,0.162952079745
100000,100000,0.392011243541,0.436419481665
0.14210840893,100000,100000,0.207528434984
0.259644494097,100000,100000,0.134796474161
100000,100000,100000,0.210804045121
100000,100000,100000,0.218905740825
100000,100000,0.168185781163,0.18046976168
1.07703831583,1.07938909221,1.10445462943,1.27487984175
100000,100000,0.139184257168,0.161105255309
100000,0.151637004912,0.0785799567302,0.059426158835
100000,100000,100000,0.218278288217
100000,0.156494026787,100000,0.0793710214007
100000,0.134843730277,100000,0.0790191345782
100000,0.203801680508,100000,0.170211401224
100000,100000,0.250093154538,0.209797869145
10000,10000,10000,10000
100000,100000,100000,0.166066657319
100000,100000,0.128158389466,0.144818138665
0.652322654951,0.67222787573,0.638899871211,0.681053024145
100000,100000,0.224271112163,0.294799781468
100000,100000,100000,0.221759471174
0.348399643127,100000,100000,0.256625747336
100000,100000,100000,0.23288298454
100000,100000,100000,0.194061959234
1.07703831583,1.07938909221,1.10445462943,1.27487984175
10000,10000,10000,10000
100000,100000,100000,1.11489978837
100000,100000,100000,1.32794569196
0.384707866298,0.344282312372,0.376791767642,0.101768189665
0.389090938083,0.400963806466,0.381084649358,0.45126778247
100000,100000,100000,0.45032192143
0.4756022819,0.413984213284,0.486392765889,0.285590478554
0.332180951753,0.394481922835,0.275767261888,0.17351912329
100000,100000,0.0896058244323,0.186829693621
100000,100000,0.468780304584,0.642360044394
100000,100000,0.506870041574,0.464968932643
0.54178819508,0.453991174258,0.530639868833,0.582693533826
0.556340406142,0.428685556165,0.448779917678,0.277332278815
0.502619424148,0.517956543792,0.471700161385,0.290644988117
0.117536085167,100000,0.115117555869,0.126582436296
100000,100000,100000,0.479877906901
0.445447273798,100000,0.465282869891,0.359327228394
100000,0.336954154918,0.221091630543,0.161710759322
100000,100000,100000,0.238095843479
0.642456521575,0.714225359016,0.678815185096,0.474436453065
100000,100000,100000,0.262649561704
1.07703831583,1.07938909221,1.10445462943,1.27487984175
100000,100000,100000,0.705407349138
100000,0.536050695982,0.588054099338,0.448501307218
100000,0.460489273494,100000,0.374868667789
100000,100000,100000,0.338300654816
100000,0.140867561862,100000,0.19483021442
100000,100000,100000,0.37292072914
100000,100000,100000,0.781511422642
0.507665413385,0.575321183853,0.517796137243,0.423091311411
100000,100000,0.493657513808,0.576224137282
100000,100000,100000,0.306849202545
0.554458861662,100000,0.671208201731,0.578629277954
100000,100000,100000,0.606348589687
100000,100000,100000,0.314526801153
0.65226477177,0.389108885655,0.560263222357,0.510076574951
0.22898287182,0.235970141974,100000,0.458282374766
100000,0.250774109982,0.238341122639,0.224822253823
100000,100000,100000,0.917444763432
0.276356628401,0.263139182813,0.270670063278,100000
0.455233105311,0.532889964968,0.485893206944,0.351601603713
100000,100000,100000,0.224398907878
100000,100000,100000,0.383838836418
10000,10000,10000,10000
0.65226477177,0.389108885655,0.560263222357,0.510076574951
0.111446786652,0.153291087293,0.145691155433,0.0795436083933
1.07703831583,1.07938909221,1.10445462943,1.27487984175
0.720244302501,0.794386785778,0.755002333953,0.832528985114
1.07703831583,1.07938909221,1.10445462943,1.27487984175
100000,0.474595892166,100000,0.651229150578
100000,100000,100000,1.48154210404
0.600975760018,0.649828541266,0.617611060643,0.553824446379
100000,100000,100000,0.897184075673
100000,100000,100000,0.481400007746
100000,100000,0.673305453342,0.716052292209
100000,0.624040589303,0.493944769451,0.665258795363
100000,100000,100000,1.59608563891
100000,100000,100000,1.38644078341
0.464118518278,0.478280806685,0.454568393882,0.578778611468
100000,100000,100000,1.56764453214
100000,100000,100000,0.936717425338
100000,100000,100000,1.52714909424
10000,10000,10000,10000
100000,100000,100000,1.51299789876
10000,10000,10000,10000
100000,100000,100000,0.342673522783
100000,100000,100000,0.307367400354
100000,100000,100000,0.943850003338
100000,100000,100000,0.572998611171
100000,100000,0.635505409028,0.812196794507
100000,100000,100000,0.285945113802
100000,0.507453814732,100000,0.789509543775
100000,100000,100000,0.918399677905
100000,0.128158389466,100000,0.22092761116
100000,100000,100000,0.592765771173
100000,100000,100000,0.470006792592
100000,100000,100000,0.544382014772
100000,100000,100000,1.48154210404
100000,100000,100000,1.45046085374
100000,100000,100000,0.807147869745
0.600975760018,0.649828541266,0.617611060643,0.553824446379
0.667786542538,0.688163634245,0.614018168097,0.710960550706
100000,100000,100000,1.0219254212
100000,100000,100000,1.25166868764
100000,100000,100000,0.828405617915
100000,100000,100000,0.248366010606
100000,100000,100000,0.375332342529
10000,10000,10000,10000
0.512483391441,0.528121503922,0.402781201993,0.704892083741
10000,10000,10000,10000
0.600975760018,0.649828541266,0.617611060643,0.553824446379
100000,100000,0.674118197925,0.339821003492
100000,100000,100000,100000
100000,100000,0.599063484367,0.744135566944
100000,100000,100000,1.30772656367
100000,100000,100000,0.526547395883
100000,1.06639661177,100000,1.33603892947
100000,100000,100000,1.49184822264
0.600975760018,0.649828541266,0.617611060643,0.553824446379
100000,100000,0.599063484367,0.744135566944
100000,100000,0.288555351196,0.111034971126
0.538670572988,0.568828875505,0.491048798627,0.00260447658261
100000,1.06937075422,100000,1.30075716419
100000,0.670305440971,100000,0.906232530639
0.562808359868,0.579982107513,0.551227503608,0.858623043788
100000,0.727588244278,100000,0.851469171525
100000,100000,0.560045485327,0.959697775118
0.674832759715,0.695424862365,0.660946787604,0.838415950419
100000,100000,100000,0.625723385099
0.752190194883,0.775142811634,0.687134013151,0.812896849096
0.638591996867,0.605913559545,0.625451747625,0.929525426894
100000,100000,0.425067990383,0.227767267054
100000,100000,100000,1.04113622026
0.517539339041,0.585496406219,0.556468412027,0.697811793423
100000,0.558230180038,100000,1.02253998183
100000,100000,100000,1.01912563188
100000,0.683374663869,0.748650884534,0.623625663921
0.575067981109,0.570965526975,0.563234859742,1.10310656239
100000,100000,100000,0.401306966478
100000,100000,100000,0.614674580727
0.600975760018,0.649828541266,0.617611060643,0.553824446379
100000,100000,0.674118197925,0.339821003492
100000,100000,100000,0.387234057567
100000,100000,100000,0.592765771173
0.602917171056,0.564587667834,0.590510999449,0.534526389827
100000,100000,100000,0.898275096423
100000,100000,100000,1.0501491737
100000,100000,0.546023277358,0.340837729855
100000,100000,100000,1.38171204043
100000,100000,0.674118197925,0.339821003492
100000,100000,100000,0.720707981729
100000,100000,100000,0.547093794787
100000,100000,100000,1.21381283289
0.74386473489,0.683884250718,0.67897986539,1.0922756976
100000,100000,0.319431040727,0.257952906059
0.5151813496,0.426572437409,0.220599191014,0.117422695209
100000,100000,100000,0.49206096584
100000,100000,100000,1.31947518982
100000,100000,0.576756929486,0.945514543583
100000,100000,100000,1.12589754931
100000,0.525653816657,100000,0.864964368011
100000,100000,100000,1.08218185669
100000,100000,100000,0.810350810316
100000,100000,100000,1.12569110888
1.09725181763,1.07856909995,1.07467376711,1.17370019046
100000,0.74115998367,100000,1.12844006841
1.07703831583,1.07938909221,1.10445462943,1.27487984175
100000,100000,100000,1.36911156392
100000,100000,0.478750410549,0.658471644414
0.473456634718,0.405224815269,0.364557495282,0.570091683198
0.551257880589,0.658687419271,0.401759617198,0.387175673206
100000,100000,100000,0.180847300612
100000,100000,100000,0.294666489764
100000,100000,100000,0.739943060293
100000,100000,0.443597743058,0.426141573583
100000,0.382880894321,0.363898259656,0.540534984181
100000,100000,100000,1.0852514597
0.484234005618,0.468495726546,0.474269966675,0.380498026672
100000,0.124546355352,100000,0.254100234504
0.945678321549,100000,100000,1.1828471628
1.09725181763,1.07856909995,1.07467376711,1.17370019046
100000,100000,100000,0.31544843662
100000,100000,100000,0.373926623294
100000,100000,100000,0.374140433084
100000,0.841979065722,0.721655106517,0.76239101427
0.622490663908,0.582148077698,0.675220853458,0.677608253966
100000,0.614070279291,0.583625637254,0.763886143705
100000,100000,100000,1.04417837106
100000,100000,100000,0.972471230636
100000,100000,0.43752762331,0.595238483053
100000,100000,100000,0.735583275128
100000,0.605877571156,100000,0.298211033644
100000,100000,100000,0.241486497568
100000,100000,100000,0.86300424712
100000,100000,100000,0.769277614524
100000,0.594360488795,0.614471460016,0.577456593247
0.450025503168,0.48540804848,0.461342278199,0.390751152451
0.72928969922,0.668864466884,0.664704738898,0.859010406197
0.587434634308,0.657524513023,0.624925478182,0.95275166486
100000,100000,100000,0.321288503805
0.470435875091,0.506441230229,0.481332667761,0.424403595501
0.314322756691,0.271749444849,0.168670708844,0.122184597439
100000,100000,100000,0.133039691402
100000,100000,100000,0.835523446193
100000,1.03230310032,100000,1.28853419866
100000,100000,0.128158389466,0.270526195603
100000,0.838289364193,100000,1.02876775176
100000,100000,100000,0.247088468394
0.724108441918,100000,0.63062857186,0.631206774051
100000,100000,0.851912721452,0.898526456295
1.07703831583,1.07938909221,1.10445462943,1.27487984175
0.213737658947,0.302938785578,0.222380432241,0.0540761091743
1.07703831583,1.07938909221,1.10445462943,1.27487984175
100000,100000,0.0861160318742,0.0839318055145
0.350233110365,0.429878206494,0.237052320941,0.0938211543655
100000,0.706088601223,0.700083358996,0.747231889382
100000,0.541887551772,0.515021616236,0.123074230796
100000,0.324924306334,0.308815068468,0.115948132674
0.651751467937,0.723803934895,0.687918870196,0.831677367309
100000,0.491936498078,0.388967100767,0.185533132343
0.160461719621,0.187008405873,0.177736822201,0.479488875854
100000,0.683134333359,0.599687171028,0.570490546258
1.07703831583,1.07938909221,1.10445462943,1.27487984175
100000,100000,100000,0.210293818323
0.490419585328,0.407603361015,0.480328266276,0.383367956051
0.558337857083,0.619610673649,0.486244689514,0.325841882488
100000,100000,100000,0.777278893707
0.101240073218,100000,100000,0.298327992381
0.548747300935,0.482812929416,0.537455777802,0.538399743532
0.580978932811,0.598707144207,0.4904442256,0.482542330978
100000,100000,0.451326742281,0.727056833073
100000,100000,100000,0.25665404392
0.893150116989,1.00308309292,0.903773372535,0.923386452014
100000,100000,0.335555971287,0.174414214121
100000,100000,100000,0.224519001643
100000,100000,100000,1.10876105225
0.563277722347,0.663144846979,0.580688732053,0.65364140352
100000,0.328834677755,100000,0.666798631986
1.06602837453,1.07690727196,1.04409280596,1.12470615196
100000,100000,0.864191119521,0.970519233307
0.546639537341,100000,100000,0.566951871386
100000,100000,100000,0.817742175578
100000,100000,0.507069169095,0.26467365587
100000,0.513011991977,100000,0.608904111269
100000,0.561383665971,0.55412805239,0.632818588553
0.603081381206,100000,100000,0.612491858263
100000,100000,0.183462001657,0.178131331245
100000,100000,100000,0.63112675049
100000,0.501644150785,0.505774943993,0.491597864431
100000,100000,100000,0.632568861873
100000,100000,0.305096023922,0.429015223896
0.377180579264,0.388690010443,0.369419368906,0.386383945798
100000,0.476226087,100000,0.53595387971
100000,100000,100000,0.594897641121
100000,100000,100000,0.426619886466
100000,100000,100000,0.285732687202
100000,100000,100000,0.282370701626
100000,100000,100000,0.210293818323
0.578768513606,0.544264599837,0.517280813984,0.443775510978
100000,100000,0.585458306362,0.871819631636
100000,100000,0.447900172532,0.771918735439
100000,100000,100000,0.674274362093
100000,100000,0.202650001534,0.404643417684
100000,100000,100000,0.583995434678
100000,100000,0.48567229082,0.398467028093
1.07703831583,1.07938909221,1.10445462943,1.27487984175
100000,100000,0.247892163677,0.304694247667
0.369021020914,0.484610819428,0.382004617784,0.31032793965
100000,100000,100000,1.17237999383
100000,100000,0.388847391017,0.611605755944
100000,0.415432142494,0.394835667961,0.633282827138
100000,100000,100000,100000
100000,0.597536622334,0.567911693096,0.686693180687
100000,100000,0.425815010844,0.514897956958
100000,100000,0.177736822201,0.474608805706
100000,100000,0.316064463633,0.302735558234
100000,100000,100000,1.30115169185
100000,0.501163269157,0.447314855733,0.55679170371
100000,100000,0.476040747174,0.717331009922
100000,100000,0.478305868664,0.798432337277
0.442536023704,0.560369086881,0.393402608633,0.514650022819
100000,0.56042764181,0.462487176192,0.533644737035
100000,0.564908295228,0.49354621897,0.467006203583
0.481127104618,0.449220920809,0.426949251604,-1.81408784103e-05
100000,100000,100000,0.124981166635
0.676252946803,0.696888385579,0.638271050332,0.487907387505
0.67745626482,0.593799070908,0.584936352353,0.498895067039
0.630797308642,0.671695993354,0.667395882723,0.610392531697
100000,100000,0.608211581094,0.643919535918
10000,10000,10000,10000
100000,100000,100000,0.256939778973
0.489079561019,100000,100000,0.55016265854
100000,0.571554743088,0.514216430708,0.478918620329
0.478420652482,100000,0.303880245772,0.222405274441
0.325127723829,0.456171420271,0.433555156195,0.517285143245
100000,100000,100000,0.309444102712
0.679730833199,100000,100000,0.926861357901
1.01616932107,100000,100000,1.24287083596
100000,100000,100000,1.31107857903
100000,100000,100000,1.24593947602
0.405481425175,0.37941086795,0.341834258701,0.249857443516
100000,0.399859761452,0.330456908429,0.326455497966
0.424383418206,0.31621058888,0.300533363469,0.0563711448168
1.07703831583,1.07938909221,1.10445462943,1.27487984175
0.49488339801,0.457819782024,0.484700227492,0.77967382383
100000,100000,100000,0.843379464572
100000,100000,100000,1.28186841592
100000,100000,100000,0.889856900383
100000,100000,100000,1.02015669591
0.519050135075,0.534888627662,0.508369687814,0.332378889241
100000,0.475483295051,0.45190957849,0.579067941463
100000,100000,0.47767883157,0.642857506971
0.447536428278,0.47798599914,0.454288202433,-0.00336012777524
0.674358865085,0.454725371707,0.689484168254,0.641150232016
100000,100000,100000,1.29792964023
0.555971563059,0.572936690095,0.623111343674,0.365971010919
100000,100000,100000,0.934152259286
100000,100000,100000,0.580316339462
100000,0.586837267008,100000,0.882147895512
100000,0.250774109982,0.238341122639,0.421831598757
100000,100000,100000,100000
100000,100000,0.380736587557,0.151268778923
1.07703831583,1.07938909221,1.10445462943,1.27487984175
100000,100000,0.376298479072,0.129548676425
100000,100000,100000,1.57165410071
100000,100000,100000,0.532762600799
100000,100000,100000,0.263392458168
0.583323128084,0.454678112353,0.414160227851,0.499159007916
10000,10000,10000,10000
100000,100000,100000,1.28078132871
0.724108441918,100000,0.63062857186,0.631206774051
100000,100000,100000,1.56432837163
100000,100000,100000,1.14320742322
100000,100000,100000,1.29950261522
0.583323128084,0.454678112353,0.414160227851,0.499159007916
100000,100000,0.609789647809,0.407412281647
100000,100000,100000,0.322902029095
100000,100000,100000,0.343929423118
100000,100000,100000,0.491339559319
0.66842876718,0.771504510654,0.618136970299,0.663814783882
100000,100000,100000,0.986713642609
0.404769864406,0.364956489896,0.42544247584,0.589263088608
100000,100000,100000,1.24593947602
0.408305730114,100000,100000,0.569211993372
100000,0.6951835226,0.611138980351,0.102619264854
100000,100000,100000,0.274098413515
100000,100000,0.462054737365,0.241579425455
100000,100000,0.394644420363,0.208737721246
100000,100000,100000,0.3006621561
0.435952622507,0.427605149583,0.426982065178,0.469602838328
100000,100000,100000,0.250659268925
100000,100000,100000,0.538211658898
100000,0.461258337167,100000,0.445524097309
100000,100000,100000,0.384703257919
0.583323128084,0.454678112353,0.414160227851,0.499159007916
0.437673930914,0.398864603562,0.457669478374,0.540835220616
100000,100000,100000,0.473905107751
0.438926855852,0.521278386553,0.466432697134,0.0365007635544
0.456006986641,100000,0.347466907021,0.189608760723
100000,100000,0.312531569803,0.649775120391
0.913272153249,0.85846103126,0.894479835496,0.896497568738
100000,100000,0.835008811077,1.07322712658
100000,100000,100000,1.40474447044
100000,0.399859761452,0.330456908429,0.326455497966
100000,100000,100000,0.366040956156
0.412282898422,0.263806957547,0.264615133678,0.10933840336
1.03543098415,1.17135586891,1.03470192403,1.24566956526
10000,10000,10000,10000
1.06602837453,1.07690727196,1.04409280596,1.12470615196
1.07703831583,1.07938909221,1.10445462943,1.27487984175
100000,100000,100000,0.476005706115
1.07703831583,1.07938909221,1.10445462943,1.27487984175
100000,100000,100000,0.160673229279
100000,100000,100000,1.12266011935
100000,100000,0.171513197808,0.176651374908
100000,100000,1.02201056202,1.18888544033
100000,100000,0.51107129322,0.577771525352
0.41318054788,0.477953171345,0.239982580849,0.0763068317251
100000,100000,0.0763652481535,100000
0.356429244865,0.39648781125,0.472318599591,-0.00261080279469
0.550491953943,0.446167248283,0.440007665773,0.501134829943
0.172869323235,0.260823377978,0.198313730942,0.778264092063
100000,100000,100000,0.247795242765
100000,100000,100000,0.358738076109
0.455722825676,0.469628924737,100000,0.687474224179
1.09725181763,1.07856909995,1.07467376711,1.17370019046
100000,100000,100000,1.02718027906
1.07703831583,1.07938909221,1.10445462943,1.27487984175
100000,100000,100000,0.589443263161
100000,100000,100000,0.918151511237
0.109841683012,0.0826790546814,0.15715991346,0.0414323583239
100000,100000,100000,1.13083456307
100000,100000,100000,1.30950949205
0.45591238912,0.552503327273,0.525111078225,0.508742881819
100000,100000,100000,1.42208294346
100000,100000,100000,0.53640434783
0.501487164633,100000,0.491168109012,0.284662698518
0.49488339801,0.457819782024,0.484700227492,0.77967382383
0.449987016066,0.515882766053,0.461304583042,0.367382373026
0.0919327907516,100000,0.0268886175882,0.128991509063
0.417510392681,0.430250463075,0.359340886697,0.411141906645
0.509613895902,0.525164447509,0.449549184538,0.569257865453
0.559274810038,0.576340733604,0.44860979784,0.438291202703
0.516369860834,0.532126566516,0.427164608601,0.431879052731
100000,100000,100000,0.347130531374
100000,100000,100000,0.258681220926
100000,100000,100000,1.10799415533
0.512548800559,100000,0.47300060667,0.579632856886
0.710224156359,0.679731529906,0.695609938708,0.557770472163
100000,100000,100000,0.726066675142
100000,100000,100000,0.952959366094
100000,100000,100000,0.608168286838
100000,100000,100000,1.44392061077
10000,10000,10000,10000
100000,100000,100000,0.242318599602
100000,100000,100000,0.250843013324
100000,100000,100000,0.781511422642
100000,100000,100000,0.575513068846
0.503645822554,0.466849586513,0.509243038824,0.230669021358
0.432105146563,0.549619918002,0.472792191132,0.39259337344
100000,100000,100000,1.12266011935
0.480815269496,0.578166103581,0.400766236099,0.548806355945
100000,100000,100000,0.606348589687
0.215030246244,0.273756436288,0.194644898092,0.0780103476787
100000,100000,0.0785799567302,0.140476858747
100000,100000,100000,1.23933261727
100000,100000,100000,1.29792350603
0.48321531438,0.467445950577,0.473272236954,0.516151611988
100000,100000,100000,0.416924702908
100000,100000,100000,1.56951535761
0.652764908368,0.590004569554,0.461596202218,0.805105458829
0.566969212193,0.666948980345,0.534725829714,0.84391028363
0.437825664348,100000,100000,0.59122151157
100000,100000,0.60813901686,0.299685613373
100000,100000,100000,1.44288180864
0.371121514356,0.420889628077,0.507604060687,0.276757204415
0.381546556551,0.460980353336,0.493429282088,0.279352269475
100000,100000,100000,0.226854613187
0.64057813904,0.660124983209,0.627397021132,0.740194020863
100000,100000,100000,0.530218984178
0.489886522554,0.556999781207,0.529384605021,0.532031677976
100000,100000,100000,0.32893004582
100000,100000,100000,1.06727316318
100000,100000,100000,0.712911456161
0.62141418581,0.744705605037,0.629204311559,0.49531443869
100000,100000,100000,0.333245151801
100000,0.625107561526,0.515535751604,0.599684790248
100000,100000,100000,0.266524512644
100000,100000,100000,1.09817736302
100000,100000,100000,1.18014230726
100000,100000,100000,0.792534364415
10000,10000,10000,10000
0.585954220446,100000,100000,0.254264202903
100000,100000,100000,1.14840708423
0.507262371367,0.418411816472,0.397667614373,0.368733332099
0.317224964112,0.326904886922,100000,0.944251804307
100000,100000,100000,1.32794759419
10000,10000,10000,10000
100000,100000,100000,0.415273826272
10000,10000,10000,10000
0.101240073218,100000,0.0991568654709,0.121011084
10000,10000,10000,10000
10000,10000,10000,10000
100000,100000,100000,1.53567505434
0.265650282853,100000,100000,0.749643624782
10000,10000,10000,10000
100000,100000,100000,1.49656518688
100000,100000,100000,1.48981459404
0.515840548055,0.583745777682,0.366041887005,0.708522556784
100000,100000,100000,0.396041824869
100000,100000,100000,0.249648380568
100000,100000,100000,0.625831581649
0.12895392546,0.145460983752,0.260184021226,0.0802865348332
0.57195666295,0.567759268874,0.560187562893,0.810521013516
100000,0.700547467569,100000,0.727822647628
1.07703831583,1.07938909221,1.10445462943,1.27487984175
0.559326512182,0.482113930212,0.547817301585,0.475788063869
0.506414006252,0.521866915213,100000,0.697699625624
100000,0.190080576057,100000,100000
100000,0.558568417545,100000,0.708354329139
0.752694505519,0.640818780719,0.519442165471,0.707263374308
100000,100000,100000,0.404424604035
100000,0.601148429887,100000,0.89751610724
100000,100000,100000,0.445018178628
100000,100000,100000,0.323595744995
0.465729138974,0.427775898877,0.456145872984,0.348960295496
100000,100000,100000,0.212759031376
0.404195581428,0.394879062114,0.3463000531,0.407739207185
100000,100000,100000,0.437203702372
100000,100000,100000,0.338279334485
100000,100000,100000,1.16168271156
100000,100000,100000,0.56551846537
100000,100000,0.0785799567302,0.236872895858
100000,100000,0.371830604839,0.482393339097
0.14210840893,100000,0.139184257168,0.225038157649
100000,100000,0.305895211667,0.363890784456
100000,100000,100000,0.458478566995
0.362941866058,0.374016811745,0.355473644402,0.398803235544
100000,0.490170840111,100000,0.70392184084
100000,100000,0.468063496991,0.629716884004
100000,100000,0.436495017628,0.55138901273
100000,100000,100000,0.443819957046
0.358048122416,0.347323442045,0.350680598877,0.792320156148
100000,100000,100000,0.210808890312
0.409700233556,0.400551685285,0.401269869239,0.145219215447
100000,100000,100000,0.298632666099
100000,100000,100000,0.23894476218
100000,100000,100000,0.681360640473
100000,100000,100000,0.568546084289
100000,100000,100000,0.671804845811
100000,100000,100000,0.226454863029
100000,100000,100000,0.360351430456
0.357821815214,0.390390822239,0.371035857118,0.415020040069
100000,100000,0.339077004972,0.424489484796
0.446037914983,0.606093243798,0.497464133949,0.141052254484
100000,100000,100000,1.3576555504
0.412282898422,0.263806957547,0.264615133678,0.10933840336
100000,0.471583780588,0.497781828578,0.642504019058
100000,100000,100000,1.29950261522
100000,100000,0.177736822201,0.234007494803
0.541766287393,0.610462624858,0.441012587506,0.378002272628
0.893150116989,1.00308309292,0.903773372535,0.923386452014
100000,100000,100000,1.24593947602
100000,100000,100000,0.587893938277
100000,100000,100000,1.57165410071
100000,100000,100000,0.651396443409
100000,100000,100000,1.34650795862
100000,100000,100000,0.589451673267
100000,100000,100000,1.25743180531
100000,100000,100000,1.06858853389
100000,0.690837516397,0.656586875059,1.0062676407
100000,100000,100000,0.432220059708
1.09725181763,1.07856909995,1.07467376711,1.17370019046
100000,100000,0.326023676562,0.41931253239
1.07703831583,1.07938909221,1.10445462943,1.27487984175
100000,100000,0.551356090715,0.664139719369
100000,0.520908205193,0.306319702877,0.096657825438
100000,100000,0.0991568654709,0.300243053328
0.530025135527,100000,0.519118856683,0.954598668172
100000,100000,0.371593106362,0.716927279089
100000,100000,100000,1.6261179223
100000,100000,100000,1.47712105132
100000,100000,100000,1.37507598457
100000,100000,100000,1.56162122902
100000,100000,100000,1.52068832828
100000,100000,100000,1.49056107258
100000,100000,0.613700937,0.744159188693
0.257527555272,0.213221173123,0.202650001534,0.472974345216
1.03619156885,100000,100000,1.34311094687
100000,0.998831838711,100000,1.35003633341
100000,100000,0.517384176081,0.812637498994
100000,100000,100000,0.740307681378
100000,100000,100000,1.30687105808
100000,100000,100000,0.58589018061
100000,100000,100000,1.52714909424
100000,100000,100000,1.49524735195
100000,0.559039410617,100000,0.989685998685
100000,0.764884944961,100000,1.32582545325
100000,100000,100000,0.656457730422
100000,0.610259133831,100000,1.45428919525
100000,100000,100000,1.4128010198
100000,100000,100000,0.462068185973
100000,100000,0.439702322475,0.95092348289
0.523202058768,100000,0.448970433386,0.542348802965
100000,100000,100000,1.37042978978
100000,100000,0.0896058244323,0.253236803926
100000,100000,0.472066026935,0.776194249817
100000,100000,100000,0.371857201423
100000,100000,100000,1.58362408132
0.484905323451,0.499701908312,0.335743213695,0.42921956244
0.471819265012,100000,0.412532250318,0.474035223427
100000,100000,100000,1.32794569196
100000,100000,100000,1.5341598647
100000,100000,100000,1.09251560617
100000,100000,100000,0.392148506072
100000,100000,100000,1.48981459404
0.4890344673,0.556121726017,0.478971649695,0.832194418036
100000,100000,100000,1.361694145
100000,100000,0.480501454154,1.12944371372
100000,100000,100000,1.53567505434
100000,100000,0.526670052123,0.847470620868
100000,100000,100000,1.66468648551
100000,0.622440111674,100000,0.466999687923
100000,100000,100000,0.943498489912
100000,100000,100000,1.32765933796
100000,100000,100000,1.49656518688
100000,100000,100000,1.26982119405
100000,100000,0.405731816292,0.79493754835
100000,100000,100000,0.427401538805
100000,100000,100000,1.20532648519
1.09725181763,1.07856909995,1.07467376711,1.17370019046
100000,100000,0.488646837687,0.748119686329
0.839012890991,100000,100000,1.05688070528
100000,100000,100000,1.65652860592
100000,100000,100000,1.30772656367
100000,100000,100000,1.37891744144
100000,100000,100000,1.49631143236
100000,0.754046287088,0.680124254826,1.15015565865
1.07703831583,1.07938909221,1.10445462943,1.27487984175
1.03543098415,1.17135586891,1.03470192403,1.24566956526
100000,100000,100000,1.189090364
0.646545469289,100000,0.662243086165,0.953687290069
100000,100000,100000,1.41733261904
100000,100000,100000,1.00202740763
100000,100000,100000,1.37891744144
100000,100000,1.09396677761,1.31475538007
0.707307071063,0.686774699559,0.663751354015,0.715507638298
0.124496518573,0.0977810734501,0.171513197808,0.165639401744
100000,100000,0.115117555869,0.202643248945
0.627319935244,0.52533958773,0.535831673455,0.492565712213
100000,100000,100000,1.30115169185
100000,100000,1.02201056202,1.18888544033
100000,0.71260994207,100000,0.575061442147
1.09725181763,1.07856909995,1.07467376711,1.17370019046
100000,0.747855576032,0.760356501395,1.0100673797
0.829317229066,0.802458653781,0.812252444127,1.17414956843
100000,0.498711660883,0.453409409609,0.540068297681
0.471762143948,0.538322348443,0.5116331701,0.863104931763
0.986549336449,1.01665327689,0.966249200785,0.991609041354
0.555619579205,0.547251832707,0.47584220004,0.282574237411
0.347360802341,0.275281246862,0.369214714806,0.392221033789
0.327414695968,0.404181966451,0.384143258015,0.0366785002867
1.07703831583,1.07938909221,1.10445462943,1.27487984175
100000,100000,100000,0.478776229333
0.316510153096,0.378332939487,0.30999735256,0.385632125317
0.572173029814,0.601233563062,0.550848436557,0.462996929651
0.396501179273,0.460764842161,100000,0.145516379638
0.433998334505,0.551570875398,0.409107299985,0.450231561748
1.09725181763,1.07856909995,1.07467376711,1.17370019046
0.104803183573,0.124794462281,0.168185781163,0.104698147052
0.662601029608,0.578490537417,0.537518025671,0.28598943789
0.483968575941,0.498736576533,0.433982607023,0.367686901448
0.355472515779,100000,100000,0.240326766686
0.163117622337,0.198609434387,0.188762689903,0.0694453849528
100000,1.0777589485,1.02432534897,1.14931574376
0.396501179273,0.460764842161,100000,0.145516379638
100000,100000,100000,1.57165410071
100000,100000,100000,1.27342559282
100000,1.06639661177,100000,1.33603892947
0.692505862559,0.713637248969,100000,0.885381678324
100000,100000,100000,1.27418272746
100000,100000,100000,1.30950949205
0.834777782968,100000,0.788599112714,1.45612880201
100000,1.01530895537,100000,1.24090070792
100000,100000,100000,1.13429348701
100000,0.180460128132,0.121934765072,0.224487196209
1.07703831583,1.07938909221,1.10445462943,1.27487984175
100000,100000,100000,0.284539674255
100000,0.483703724652,0.41014401934,0.459299386627
0.893150116989,1.00308309292,0.903773372535,0.923386452014
100000,100000,100000,1.39101073614
0.447917617186,0.513750220751,0.488279289989,0.430939652147
100000,100000,0.431009458359,0.677059386128
100000,100000,100000,0.843379464572
100000,100000,100000,0.182200306689
100000,100000,0.312531569803,0.649775120391
0.391873342261,0.373316734894,0.26869224439,0.487850586208
0.356429244865,0.39648781125,0.472318599591,-0.00261080279469
0.542384474467,0.641614054613,0.531223878634,0.842557309641
100000,100000,100000,0.344541688311
10000,10000,10000,10000
0.471418476134,0.568482572904,0.490719665166,0.651909836235
100000,100000,100000,1.24593947602
0.391873342261,0.373316734894,0.26869224439,0.487850586208
100000,0.576695221866,100000,0.797900880468
0.321819515219,100000,0.315197464423,0.429886882222
0.61377252699,0.63250141455,0.65072141845,0.568616140909
10000,10000,10000,10000
100000,100000,100000,0.783550586014
100000,100000,100000,1.52068832828
1.07703831583,1.07938909221,1.10445462943,1.27487984175
100000,100000,100000,0.139415504738
100000,100000,0.92630298587,1.09600494802
100000,100000,100000,1.45311279023
100000,100000,100000,1.41344100639
100000,100000,100000,1.41921301447
100000,100000,100000,1.42208294346
100000,100000,100000,1.24710669713
100000,100000,100000,1.35873036262
100000,100000,100000,1.37653367608
0.339526764817,100000,100000,0.263599306503
100000,100000,100000,1.23741160058
100000,100000,100000,1.66126802081
100000,100000,100000,1.53591859339
100000,100000,100000,2.00125546685
100000,100000,100000,0.463454948651
100000,1.1021051788,100000,1.51091580238
0.998507944781,100000,1.02754017066,1.0699052048
100000,100000,100000,0.29260375616
1.11888442388,100000,1.0958612412,1.62448794948
100000,100000,100000,0.347783837007
100000,100000,100000,0.265173743712
100000,100000,100000,1.6850817362
100000,100000,0.465974981929,0.127612808905
100000,100000,100000,0.528857794491
100000,100000,100000,1.50598864896
100000,100000,100000,1.67255473259
100000,100000,100000,1.6476362777
100000,0.514157240233,100000,0.275658094293
0.913272153249,0.85846103126,0.894479835496,0.896497568738
10000,10000,10000,10000
100000,0.568007759223,100000,0.908306058287
0.336894153212,0.416132219345,0.445079468835,0.440853006614
100000,100000,100000,1.29056278313
100000,100000,0.998775746924,1.32197440845
100000,100000,100000,1.4327200681
0.494465848126,0.457389490865,100000,0.588884336283
100000,100000,100000,0.247247780432
100000,0.687105511805,0.682041421401,0.317551228828
100000,100000,100000,0.363804170253
0.117536085167,0.0906082467405,0.0861160318742,0.0374976093219
0.611682991,100000,100000,0.229869434729
0.558267972603,0.627467848746,100000,0.695076381014
0.502769074355,100000,0.492423640995,0.47859856452
100000,100000,100000,1.37653367608
0.724751527631,0.533645697365,0.507188380054,0.447674972263
100000,100000,100000,1.33008933952
0.868532003894,0.864520339623,0.801081867376,0.948328800717
1.07703831583,1.07938909221,1.10445462943,1.27487984175
0.33645815624,0.333003863515,0.494230876069,0.0604484893988
100000,100000,100000,1.35873036262
100000,100000,100000,1.24593947602
100000,100000,100000,1.37891744144
100000,100000,100000,1.15757982435
100000,0.498761483936,100000,0.11644290209
100000,100000,100000,0.847710293548
100000,100000,100000,1.29983271314
0.876795949626,0.925201130124,0.879331108127,0.658626588852
1.06602837453,1.07690727196,1.04409280596,1.12470615196
100000,100000,100000,1.40474447044
100000,0.340571673277,0.402266620212,0.0959749522898
1.07703831583,1.07938909221,1.10445462943,1.27487984175
100000,0.210974507217,100000,0.0987623418249
100000,0.657027520563,100000,0.746404774003
100000,100000,100000,0.415374806015
100000,100000,100000,0.207832680544
100000,100000,100000,0.872142546212
100000,100000,100000,0.253998642686
100000,100000,100000,1.28731438588
100000,100000,100000,0.352594841115
100000,100000,100000,1.28836007754
100000,100000,0.298579557526,0.107040438764
100000,100000,100000,1.65906432117
100000,0.676590744718,0.643046435992,0.865413176182
100000,0.46648336818,0.443355853889,0.111759403602
1.07703831583,1.07938909221,1.10445462943,1.27487984175
100000,100000,100000,0.474197913201
10000,10000,10000,10000
100000,100000,100000,0.252521575182
100000,100000,100000,1.62481476141
0.452670411639,100000,100000,0.616341042981
100000,100000,100000,0.708408295678
100000,100000,100000,1.1186671005
100000,100000,100000,1.66015729066
100000,100000,100000,0.305078761601
10000,10000,10000,10000
100000,100000,0.644388536467,0.803847953568
10000,10000,10000,10000
100000,100000,100000,0.450574311731
100000,100000,100000,1.55880532676
100000,100000,100000,0.451787879524
0.417750226314,0.430497615083,100000,0.610986328282
0.932924752169,0.961392371715,0.913728044682,0.943375067074
100000,100000,100000,0.25897733323
100000,100000,100000,1.55880532676
100000,100000,0.639996480177,0.62928363513
100000,0.709337997403,100000,0.964807671567
10000,10000,10000,10000
10000,10000,10000,10000
100000,100000,100000,0.443174859247
0.694438053812,100000,0.680148665353,1.09089052605
100000,100000,100000,1.01507029421
100000,100000,100000,1.0920178823
100000,100000,100000,0.204252832683
1.07703831583,1.07938909221,1.10445462943,1.27487984175
100000,100000,100000,0.133514475148
100000,100000,100000,1.60691347476
100000,100000,100000,1.18366177304
100000,100000,100000,1.59634040033
100000,100000,100000,0.904030559764
100000,100000,100000,1.0830437034
100000,100000,100000,0.734430632584
100000,100000,100000,1.41299225569
100000,100000,100000,1.66015729066
100000,100000,100000,2.01905283889
0.168156121776,0.121122625826,100000,0.105462289713
1.07703831583,1.07938909221,1.10445462943,1.27487984175
100000,100000,100000,1.50598864896
100000,100000,100000,0.192914816988
100000,100000,100000,0.817464166819
0.640781720861,0.577655722521,0.528439548397,0.407489961023
100000,100000,100000,1.21818141705
100000,100000,100000,0.315028376919
0.396900465537,0.287889010976,0.285240344816,0.0578210163438
0.564297216897,0.566904657354,0.439641547461,0.147438745287
0.967288159671,100000,100000,1.330497221
100000,100000,0.363455369331,0.514093691517
100000,100000,100000,1.14320742322
0.395533889956,0.324924306334,0.337816592463,0.312598324998
10000,10000,10000,10000
10000,10000,10000,10000
100000,100000,100000,0.377096783708
0.387387292698,0.368693796315,0.39999296847,0.179347561491
0.626218437628,0.604763457342,0.569055053495,0.178749828406
0.483912148439,0.550843102776,0.502956256316,0.342917226615
0.539924649504,0.480269337996,0.439208844832,0.135545013465
0.29265264035,0.332097133043,0.250093154538,0.230610650553
0.505391027264,0.486797351316,0.462662701578,0.242144049326
100000,100000,100000,0.612238884812
100000,100000,0.382460202502,0.615885793423
0.738688444324,0.76122906354,0.673910086882,0.823331091783
100000,100000,100000,0.229119749641
100000,100000,100000,1.20188576935
100000,100000,100000,1.39511174935
0.169959405391,0.196795907626,0.187039074957,0.497964821302
0.491124336522,100000,0.481018515869,0.663364968695
100000,0.510752835786,100000,0.873870986523
100000,0.292117636777,100000,0.0907050538486
1.07703831583,1.07938909221,1.10445462943,1.27487984175
100000,100000,100000,1.71641244019
100000,100000,1.04000728632,1.3462003693
100000,100000,100000,0.36846576567
100000,100000,100000,1.00239771792
0.526005130912,0.489891175282,0.465603138601,0.189785496938
100000,100000,100000,0.232116863682
100000,100000,100000,1.42588107956
100000,0.679434121613,100000,0.755496371262
100000,100000,100000,1.30950949205
1.07703831583,1.07938909221,1.10445462943,1.27487984175
100000,100000,100000,1.30950949205
0.362941866058,0.374016811745,0.355473644402,0.398803235544
0.611809055723,0.599963650091,0.599219916616,0.425370891617
100000,0.351431624719,0.334008195551,0.341898101426
100000,100000,100000,0.810032279734
100000,100000,100000,0.994346560326
100000,100000,100000,1.02015669591
100000,0.475483295051,0.45190957849,0.579067941463
100000,100000,100000,0.847710293548
0.382800988362,0.394481922835,0.325345694623,0.348438788562
