0,0
0,1
0,2
0,3
1,4
2,5
3,0
3,1
3,2
3,3
3,4
3,5
4,6
5,8
6,9
6,10
6,11
6,12
7,13
7,14
7,15
7,16
8,17
8,18
8,19
8,20
8,21
9,22
9,23
9,24
9,25
9,26
9,27
10,28
10,29
10,30
10,31
10,32
10,33
11,7
11,8
11,9
11,10
11,11
11,12
11,13
11,14
11,15
11,16
11,17
11,18
11,19
11,20
11,21
11,22
11,23
11,24
11,25
11,26
11,27
11,28
11,29
11,30
11,31
11,32
11,33
12,35
13,36
13,37
13,38
13,39
14,40
14,41
14,42
14,43
15,44
15,45
15,46
15,47
15,48
16,49
16,50
16,51
17,34
17,35
17,36
17,37
17,38
17,39
17,40
17,41
17,42
17,43
17,44
17,45
17,46
17,47
17,48
17,49
17,50
17,51
18,53
19,54
19,55
19,56
19,57
20,58
20,59
20,60
20,61
20,62
20,63
20,64
20,65
20,66
21,67
21,68
21,69
21,70
22,71
22,72
22,73
22,74
22,75
23,52
23,53
23,54
23,55
23,56
23,57
23,58
23,59
23,60
23,61
23,62
23,63
23,64
23,65
23,66
23,67
23,68
23,69
23,70
23,71
23,72
23,73
23,74
23,75
24,77
25,78
25,79
25,80
25,81
26,82
26,83
26,84
26,85
26,86
27,87
27,88
27,89
27,90
27,91
27,92
27,93
28,94
28,95
28,96
28,97
28,98
29,99
29,100
29,101
29,102
29,103
29,104
29,105
30,76
30,77
30,78
30,79
30,80
30,81
30,82
30,83
30,84
30,85
30,86
30,87
30,88
30,89
30,90
30,91
30,92
30,93
30,94
30,95
30,96
30,97
30,98
30,99
30,100
30,101
30,102
30,103
30,104
30,105
31,107
32,108
32,109
32,110
32,111
32,112
32,113
33,114
33,115
33,116
33,117
33,118
33,119
34,120
34,121
34,122
34,123
34,124
34,125
35,106
35,107
35,108
35,109
35,110
35,111
35,112
35,113
35,114
35,115
35,116
35,117
35,118
35,119
35,120
35,121
35,122
35,123
35,124
35,125
36,127
37,128
37,129
37,130
37,131
37,132
37,133
37,134
37,135
38,136
38,137
38,138
38,139
38,140
38,141
39,142
39,143
39,144
39,145
39,146
39,147
39,148
40,126
40,127
40,128
40,129
40,130
40,131
40,132
40,133
40,134
40,135
40,136
40,137
40,138
40,139
40,140
40,141
40,142
40,143
40,144
40,145
40,146
40,147
40,148
41,150
42,151
42,152
42,153
42,154
42,155
42,156
42,157
42,158
42,159
43,160
43,161
43,162
43,163
43,164
43,165
44,166
44,167
44,168
44,169
44,170
44,171
45,149
45,150
45,151
45,152
45,153
45,154
45,155
45,156
45,157
45,158
45,159
45,160
45,161
45,162
45,163
45,164
45,165
45,166
45,167
45,168
45,169
45,170
45,171
46,173
47,174
48,175
49,172
49,173
49,174
49,175
50,6
50,7
50,8
50,9
50,10
50,11
50,12
50,13
50,14
50,15
50,16
50,17
50,18
50,19
50,20
50,21
50,22
50,23
50,24
50,25
50,26
50,27
50,28
50,29
50,30
50,31
50,32
50,33
50,34
50,35
50,36
50,37
50,38
50,39
50,40
50,41
50,42
50,43
50,44
50,45
50,46
50,47
50,48
50,49
50,50
50,51
50,52
50,53
50,54
50,55
50,56
50,57
50,58
50,59
50,60
50,61
50,62
50,63
50,64
50,65
50,66
50,67
50,68
50,69
50,70
50,71
50,72
50,73
50,74
50,75
50,76
50,77
50,78
50,79
50,80
50,81
50,82
50,83
50,84
50,85
50,86
50,87
50,88
50,89
50,90
50,91
50,92
50,93
50,94
50,95
50,96
50,97
50,98
50,99
50,100
50,101
50,102
50,103
50,104
50,105
50,106
50,107
50,108
50,109
50,110
50,111
50,112
50,113
50,114
50,115
50,116
50,117
50,118
50,119
50,120
50,121
50,122
50,123
50,124
50,125
50,126
50,127
50,128
50,129
50,130
50,131
50,132
50,133
50,134
50,135
50,136
50,137
50,138
50,139
50,140
50,141
50,142
50,143
50,144
50,145
50,146
50,147
50,148
50,149
50,150
50,151
50,152
50,153
50,154
50,155
50,156
50,157
50,158
50,159
50,160
50,161
50,162
50,163
50,164
50,165
50,166
50,167
50,168
50,169
50,170
50,171
50,172
50,173
50,174
50,175
51,176
51,177
51,178
51,179
51,180
51,181
52,183
53,184
53,185
53,186
53,187
53,188
53,189
54,190
54,191
54,192
54,193
54,194
54,195
54,196
54,197
54,198
55,199
55,200
55,201
55,202
55,203
55,204
55,205
55,206
55,207
55,208
55,209
56,210
56,211
56,212
57,182
57,183
57,184
57,185
57,186
57,187
57,188
57,189
57,190
57,191
57,192
57,193
57,194
57,195
57,196
57,197
57,198
57,199
57,200
57,201
57,202
57,203
57,204
57,205
57,206
57,207
57,208
57,209
57,210
57,211
57,212
58,214
58,215
58,216
58,217
59,218
59,219
59,220
59,221
59,222
59,223
59,224
59,225
59,226
59,227
59,228
59,229
60,230
60,231
60,232
60,233
60,234
61,235
61,236
61,237
61,238
62,239
62,240
62,241
62,242
62,243
63,244
63,245
63,246
63,247
63,248
63,249
63,250
64,251
64,252
64,253
65,213
65,214
65,215
65,216
65,217
65,218
65,219
65,220
65,221
65,222
65,223
65,224
65,225
65,226
65,227
65,228
65,229
65,230
65,231
65,232
65,233
65,234
65,235
65,236
65,237
65,238
65,239
65,240
65,241
65,242
65,243
65,244
65,245
65,246
65,247
65,248
65,249
65,250
65,251
65,252
65,253
66,254
66,255
66,256
66,257
66,258
66,259
67,260
67,261
67,262
67,263
67,264
67,265
67,266
68,268
69,269
69,270
70,271
71,272
71,273
71,274
71,275
71,276
72,277
73,278
74,267
74,268
74,269
74,270
74,271
74,272
74,273
74,274
74,275
74,276
74,277
74,278
75,176
75,177
75,178
75,179
75,180
75,181
75,182
75,183
75,184
75,185
75,186
75,187
75,188
75,189
75,190
75,191
75,192
75,193
75,194
75,195
75,196
75,197
75,198
75,199
75,200
75,201
75,202
75,203
75,204
75,205
75,206
75,207
75,208
75,209
75,210
75,211
75,212
75,213
75,214
75,215
75,216
75,217
75,218
75,219
75,220
75,221
75,222
75,223
75,224
75,225
75,226
75,227
75,228
75,229
75,230
75,231
75,232
75,233
75,234
75,235
75,236
75,237
75,238
75,239
75,240
75,241
75,242
75,243
75,244
75,245
75,246
75,247
75,248
75,249
75,250
75,251
75,252
75,253
75,254
75,255
75,256
75,257
75,258
75,259
75,260
75,261
75,262
75,263
75,264
75,265
75,266
75,267
75,268
75,269
75,270
75,271
75,272
75,273
75,274
75,275
75,276
75,277
75,278
76,279
77,281
78,282
79,283
80,284
80,285
80,286
81,287
82,288
83,289
84,290
85,280
85,281
85,282
85,283
85,284
85,285
85,286
85,287
85,288
85,289
85,290
86,292
86,293
86,294
87,295
87,296
87,297
87,298
87,299
88,300
88,301
88,302
88,303
88,304
88,305
88,306
88,307
88,308
88,309
88,310
88,311
88,312
88,313
89,314
89,315
89,316
89,317
89,318
89,319
89,320
89,321
90,322
90,323
90,324
90,325
90,326
90,327
90,328
90,329
90,330
90,331
91,332
91,333
91,334
91,335
91,336
91,337
91,338
91,339
91,340
91,341
91,342
92,343
92,344
92,345
92,346
92,347
93,348
93,349
93,350
93,351
93,352
93,353
93,354
93,355
94,356
94,357
94,358
94,359
94,360
94,361
95,362
95,363
95,364
95,365
95,366
95,367
95,368
95,369
95,370
95,371
96,372
96,373
96,374
97,375
97,376
97,377
97,378
97,379
97,380
98,381
98,382
98,383
98,384
99,385
99,386
99,387
99,388
100,291
100,292
100,293
100,294
100,295
100,296
100,297
100,298
100,299
100,300
100,301
100,302
100,303
100,304
100,305
100,306
100,307
100,308
100,309
100,310
100,311
100,312
100,313
100,314
100,315
100,316
100,317
100,318
100,319
100,320
100,321
100,322
100,323
100,324
100,325
100,326
100,327
100,328
100,329
100,330
100,331
100,332
100,333
100,334
100,335
100,336
100,337
100,338
100,339
100,340
100,341
100,342
100,343
100,344
100,345
100,346
100,347
100,348
100,349
100,350
100,351
100,352
100,353
100,354
100,355
100,356
100,357
100,358
100,359
100,360
100,361
100,362
100,363
100,364
100,365
100,366
100,367
100,368
100,369
100,370
100,371
100,372
100,373
100,374
100,375
100,376
100,377
100,378
100,379
100,380
100,381
100,382
100,383
100,384
100,385
100,386
100,387
100,388
101,390
101,391
102,392
102,393
102,394
103,395
103,396
103,397
103,398
103,399
103,400
103,401
103,402
103,403
103,404
103,405
103,406
103,407
103,408
103,409
104,410
104,411
104,412
104,413
104,414
104,415
104,416
104,417
104,418
104,419
104,420
104,421
104,422
104,423
104,424
104,425
104,426
105,427
105,428
105,429
105,430
105,431
105,432
105,433
105,434
105,435
105,436
105,437
105,438
105,439
106,389
106,390
106,391
106,392
106,393
106,394
106,395
106,396
106,397
106,398
106,399
106,400
106,401
106,402
106,403
106,404
106,405
106,406
106,407
106,408
106,409
106,410
106,411
106,412
106,413
106,414
106,415
106,416
106,417
106,418
106,419
106,420
106,421
106,422
106,423
106,424
106,425
106,426
106,427
106,428
106,429
106,430
106,431
106,432
106,433
106,434
106,435
106,436
106,437
106,438
106,439
107,441
108,442
108,443
108,444
108,445
108,446
108,447
108,448
108,449
109,450
109,451
109,452
109,453
109,454
109,455
109,456
109,457
109,458
109,459
110,460
110,461
110,462
110,463
110,464
110,465
111,466
111,467
111,468
111,469
111,470
111,471
112,472
112,473
112,474
112,475
112,476
113,477
113,478
113,479
113,480
113,481
113,482
113,483
113,484
114,485
114,486
114,487
114,488
114,489
114,490
115,491
115,492
115,493
115,494
115,495
115,496
115,497
115,498
116,499
116,500
116,501
116,502
116,503
117,440
117,441
117,442
117,443
117,444
117,445
117,446
117,447
117,448
117,449
117,450
117,451
117,452
117,453
117,454
117,455
117,456
117,457
117,458
117,459
117,460
117,461
117,462
117,463
117,464
117,465
117,466
117,467
117,468
117,469
117,470
117,471
117,472
117,473
117,474
117,475
117,476
117,477
117,478
117,479
117,480
117,481
117,482
117,483
117,484
117,485
117,486
117,487
117,488
117,489
117,490
117,491
117,492
117,493
117,494
117,495
117,496
117,497
117,498
117,499
117,500
117,501
117,502
117,503
118,279
118,280
118,281
118,282
118,283
118,284
118,285
118,286
118,287
118,288
118,289
118,290
118,291
118,292
118,293
118,294
118,295
118,296
118,297
118,298
118,299
118,300
118,301
118,302
118,303
118,304
118,305
118,306
118,307
118,308
118,309
118,310
118,311
118,312
118,313
118,314
118,315
118,316
118,317
118,318
118,319
118,320
118,321
118,322
118,323
118,324
118,325
118,326
118,327
118,328
118,329
118,330
118,331
118,332
118,333
118,334
118,335
118,336
118,337
118,338
118,339
118,340
118,341
118,342
118,343
118,344
118,345
118,346
118,347
118,348
118,349
118,350
118,351
118,352
118,353
118,354
118,355
118,356
118,357
118,358
118,359
118,360
118,361
118,362
118,363
118,364
118,365
118,366
118,367
118,368
118,369
118,370
118,371
118,372
118,373
118,374
118,375
118,376
118,377
118,378
118,379
118,380
118,381
118,382
118,383
118,384
118,385
118,386
118,387
118,388
118,389
118,390
118,391
118,392
118,393
118,394
118,395
118,396
118,397
118,398
118,399
118,400
118,401
118,402
118,403
118,404
118,405
118,406
118,407
118,408
118,409
118,410
118,411
118,412
118,413
118,414
118,415
118,416
118,417
118,418
118,419
118,420
118,421
118,422
118,423
118,424
118,425
118,426
118,427
118,428
118,429
118,430
118,431
118,432
118,433
118,434
118,435
118,436
118,437
118,438
118,439
118,440
118,441
118,442
118,443
118,444
118,445
118,446
118,447
118,448
118,449
118,450
118,451
118,452
118,453
118,454
118,455
118,456
118,457
118,458
118,459
118,460
118,461
118,462
118,463
118,464
118,465
118,466
118,467
118,468
118,469
118,470
118,471
118,472
118,473
118,474
118,475
118,476
118,477
118,478
118,479
118,480
118,481
118,482
118,483
118,484
118,485
118,486
118,487
118,488
118,489
118,490
118,491
118,492
118,493
118,494
118,495
118,496
118,497
118,498
118,499
118,500
118,501
118,502
118,503
119,504
120,505
120,506
120,507
120,508
120,509
120,510
120,511
120,512
121,513
121,514
121,515
121,516
121,517
121,518
121,519
122,520
122,521
122,522
122,523
122,524
123,525
123,526
123,527
123,528
123,529
124,530
124,531
124,532
124,533
124,534
125,504
125,505
125,506
125,507
125,508
125,509
125,510
125,511
125,512
125,513
125,514
125,515
125,516
125,517
125,518
125,519
125,520
125,521
125,522
125,523
125,524
125,525
125,526
125,527
125,528
125,529
125,530
125,531
125,532
125,533
125,534
126,535
127,537
128,538
128,539
128,540
128,541
128,542
128,543
128,544
129,545
129,546
129,547
129,548
129,549
129,550
129,551
129,552
130,553
130,554
130,555
130,556
130,557
130,558
131,536
131,537
131,538
131,539
131,540
131,541
131,542
131,543
131,544
131,545
131,546
131,547
131,548
131,549
131,550
131,551
131,552
131,553
131,554
131,555
131,556
131,557
131,558
132,560
133,561
133,562
133,563
133,564
133,565
133,566
134,567
134,568
134,569
134,570
134,571
134,572
134,573
134,574
135,575
136,559
136,560
136,561
136,562
136,563
136,564
136,565
136,566
136,567
136,568
136,569
136,570
136,571
136,572
136,573
136,574
136,575
137,577
138,578
138,579
138,580
138,581
138,582
138,583
138,584
139,585
139,586
139,587
139,588
139,589
139,590
139,591
140,592
140,593
140,594
140,595
140,596
140,597
141,576
141,577
141,578
141,579
141,580
141,581
141,582
141,583
141,584
141,585
141,586
141,587
141,588
141,589
141,590
141,591
141,592
141,593
141,594
141,595
141,596
141,597
142,599
143,600
143,601
143,602
143,603
143,604
143,605
143,606
143,607
143,608
143,609
143,610
143,611
144,612
144,613
144,614
144,615
144,616
144,617
145,618
145,619
145,620
145,621
145,622
145,623
146,598
146,599
146,600
146,601
146,602
146,603
146,604
146,605
146,606
146,607
146,608
146,609
146,610
146,611
146,612
146,613
146,614
146,615
146,616
146,617
146,618
146,619
146,620
146,621
146,622
146,623
147,535
147,536
147,537
147,538
147,539
147,540
147,541
147,542
147,543
147,544
147,545
147,546
147,547
147,548
147,549
147,550
147,551
147,552
147,553
147,554
147,555
147,556
147,557
147,558
147,559
147,560
147,561
147,562
147,563
147,564
147,565
147,566
147,567
147,568
147,569
147,570
147,571
147,572
147,573
147,574
147,575
147,576
147,577
147,578
147,579
147,580
147,581
147,582
147,583
147,584
147,585
147,586
147,587
147,588
147,589
147,590
147,591
147,592
147,593
147,594
147,595
147,596
147,597
147,598
147,599
147,600
147,601
147,602
147,603
147,604
147,605
147,606
147,607
147,608
147,609
147,610
147,611
147,612
147,613
147,614
147,615
147,616
147,617
147,618
147,619
147,620
147,621
147,622
147,623
148,624
149,626
149,627
149,628
149,629
149,630
149,631
149,632
149,633
149,634
150,635
150,636
150,637
150,638
150,639
150,640
151,641
151,642
151,643
151,644
151,645
151,646
151,647
151,648
151,649
151,650
151,651
151,652
151,653
152,654
152,655
152,656
152,657
152,658
152,659
152,660
152,661
152,662
152,663
153,664
153,665
153,666
153,667
153,668
153,669
153,670
153,671
153,672
154,673
154,674
154,675
154,676
154,677
154,678
154,679
155,680
155,681
155,682
155,683
155,684
155,685
155,686
155,687
155,688
155,689
155,690
155,691
155,692
156,693
156,694
156,695
156,696
156,697
156,698
156,699
156,700
156,701
156,702
156,703
157,704
157,705
157,706
157,707
157,708
157,709
157,710
157,711
157,712
157,713
157,714
157,715
157,716
158,717
158,718
158,719
158,720
158,721
159,722
160,625
160,626
160,627
160,628
160,629
160,630
160,631
160,632
160,633
160,634
160,635
160,636
160,637
160,638
160,639
160,640
160,641
160,642
160,643
160,644
160,645
160,646
160,647
160,648
160,649
160,650
160,651
160,652
160,653
160,654
160,655
160,656
160,657
160,658
160,659
160,660
160,661
160,662
160,663
160,664
160,665
160,666
160,667
160,668
160,669
160,670
160,671
160,672
160,673
160,674
160,675
160,676
160,677
160,678
160,679
160,680
160,681
160,682
160,683
160,684
160,685
160,686
160,687
160,688
160,689
160,690
160,691
160,692
160,693
160,694
160,695
160,696
160,697
160,698
160,699
160,700
160,701
160,702
160,703
160,704
160,705
160,706
160,707
160,708
160,709
160,710
160,711
160,712
160,713
160,714
160,715
160,716
160,717
160,718
160,719
160,720
160,721
160,722
161,724
162,725
162,726
162,727
162,728
162,729
162,730
163,731
163,732
163,733
163,734
163,735
163,736
163,737
164,738
165,723
165,724
165,725
165,726
165,727
165,728
165,729
165,730
165,731
165,732
165,733
165,734
165,735
165,736
165,737
165,738
166,739
166,740
166,741
166,742
166,743
166,744
166,745
166,746
166,747
166,748
166,749
166,750
166,751
166,752
166,753
166,754
166,755
166,756
166,757
167,758
167,759
167,760
167,761
167,762
167,763
167,764
167,765
167,766
167,767
168,624
168,625
168,626
168,627
168,628
168,629
168,630
168,631
168,632
168,633
168,634
168,635
168,636
168,637
168,638
168,639
168,640
168,641
168,642
168,643
168,644
168,645
168,646
168,647
168,648
168,649
168,650
168,651
168,652
168,653
168,654
168,655
168,656
168,657
168,658
168,659
168,660
168,661
168,662
168,663
168,664
168,665
168,666
168,667
168,668
168,669
168,670
168,671
168,672
168,673
168,674
168,675
168,676
168,677
168,678
168,679
168,680
168,681
168,682
168,683
168,684
168,685
168,686
168,687
168,688
168,689
168,690
168,691
168,692
168,693
168,694
168,695
168,696
168,697
168,698
168,699
168,700
168,701
168,702
168,703
168,704
168,705
168,706
168,707
168,708
168,709
168,710
168,711
168,712
168,713
168,714
168,715
168,716
168,717
168,718
168,719
168,720
168,721
168,722
168,723
168,724
168,725
168,726
168,727
168,728
168,729
168,730
168,731
168,732
168,733
168,734
168,735
168,736
168,737
168,738
168,739
168,740
168,741
168,742
168,743
168,744
168,745
168,746
168,747
168,748
168,749
168,750
168,751
168,752
168,753
168,754
168,755
168,756
168,757
168,758
168,759
168,760
168,761
168,762
168,763
168,764
168,765
168,766
168,767
169,768
170,770
171,771
171,772
171,773
171,774
172,775
172,776
172,777
172,778
173,769
173,770
173,771
173,772
173,773
173,774
173,775
173,776
173,777
173,778
174,780
174,781
175,782
175,783
175,784
175,785
176,786
176,787
176,788
176,789
177,790
177,791
177,792
177,793
177,794
177,795
178,796
178,797
178,798
178,799
178,800
178,801
178,802
178,803
178,804
178,805
178,806
179,807
179,808
179,809
180,810
181,811
181,812
181,813
181,814
181,815
182,816
182,817
182,818
182,819
182,820
182,821
183,779
183,780
183,781
183,782
183,783
183,784
183,785
183,786
183,787
183,788
183,789
183,790
183,791
183,792
183,793
183,794
183,795
183,796
183,797
183,798
183,799
183,800
183,801
183,802
183,803
183,804
183,805
183,806
183,807
183,808
183,809
183,810
183,811
183,812
183,813
183,814
183,815
183,816
183,817
183,818
183,819
183,820
183,821
184,823
185,824
185,825
185,826
185,827
185,828
185,829
186,830
186,831
186,832
187,833
187,834
187,835
187,836
187,837
187,838
187,839
187,840
188,841
188,842
188,843
188,844
188,845
188,846
188,847
189,848
189,849
189,850
189,851
190,852
190,853
191,854
191,855
191,856
191,857
191,858
191,859
192,822
192,823
192,824
192,825
192,826
192,827
192,828
192,829
192,830
192,831
192,832
192,833
192,834
192,835
192,836
192,837
192,838
192,839
192,840
192,841
192,842
192,843
192,844
192,845
192,846
192,847
192,848
192,849
192,850
192,851
192,852
192,853
192,854
192,855
192,856
192,857
192,858
192,859
193,861
194,862
194,863
194,864
194,865
194,866
194,867
194,868
194,869
195,870
195,871
195,872
196,873
196,874
196,875
196,876
196,877
196,878
197,860
197,861
197,862
197,863
197,864
197,865
197,866
197,867
197,868
197,869
197,870
197,871
197,872
197,873
197,874
197,875
197,876
197,877
197,878
198,880
199,881
199,882
199,883
199,884
199,885
199,886
199,887
200,888
200,889
200,890
200,891
200,892
200,893
200,894
200,895
200,896
200,897
200,898
200,899
200,900
200,901
200,902
200,903
200,904
200,905
200,906
200,907
201,908
201,909
201,910
201,911
201,912
201,913
201,914
201,915
201,916
202,917
202,918
202,919
202,920
202,921
203,922
203,923
203,924
203,925
203,926
204,879
204,880
204,881
204,882
204,883
204,884
204,885
204,886
204,887
204,888
204,889
204,890
204,891
204,892
204,893
204,894
204,895
204,896
204,897
204,898
204,899
204,900
204,901
204,902
204,903
204,904
204,905
204,906
204,907
204,908
204,909
204,910
204,911
204,912
204,913
204,914
204,915
204,916
204,917
204,918
204,919
204,920
204,921
204,922
204,923
204,924
204,925
204,926
205,768
205,769
205,770
205,771
205,772
205,773
205,774
205,775
205,776
205,777
205,778
205,779
205,780
205,781
205,782
205,783
205,784
205,785
205,786
205,787
205,788
205,789
205,790
205,791
205,792
205,793
205,794
205,795
205,796
205,797
205,798
205,799
205,800
205,801
205,802
205,803
205,804
205,805
205,806
205,807
205,808
205,809
205,810
205,811
205,812
205,813
205,814
205,815
205,816
205,817
205,818
205,819
205,820
205,821
205,822
205,823
205,824
205,825
205,826
205,827
205,828
205,829
205,830
205,831
205,832
205,833
205,834
205,835
205,836
205,837
205,838
205,839
205,840
205,841
205,842
205,843
205,844
205,845
205,846
205,847
205,848
205,849
205,850
205,851
205,852
205,853
205,854
205,855
205,856
205,857
205,858
205,859
205,860
205,861
205,862
205,863
205,864
205,865
205,866
205,867
205,868
205,869
205,870
205,871
205,872
205,873
205,874
205,875
205,876
205,877
205,878
205,879
205,880
205,881
205,882
205,883
205,884
205,885
205,886
205,887
205,888
205,889
205,890
205,891
205,892
205,893
205,894
205,895
205,896
205,897
205,898
205,899
205,900
205,901
205,902
205,903
205,904
205,905
205,906
205,907
205,908
205,909
205,910
205,911
205,912
205,913
205,914
205,915
205,916
205,917
205,918
205,919
205,920
205,921
205,922
205,923
205,924
205,925
205,926
206,927
207,929
208,930
208,931
208,932
209,933
209,934
209,935
209,936
210,937
210,938
210,939
210,940
210,941
210,942
211,943
212,928
212,929
212,930
212,931
212,932
212,933
212,934
212,935
212,936
212,937
212,938
212,939
212,940
212,941
212,942
212,943
213,945
213,946
213,947
214,948
214,949
214,950
214,951
214,952
214,953
214,954
214,955
215,956
215,957
215,958
215,959
215,960
215,961
216,962
216,963
216,964
216,965
216,966
216,967
216,968
216,969
216,970
216,971
217,972
217,973
217,974
217,975
217,976
217,977
217,978
217,979
217,980
218,981
218,982
219,983
219,984
219,985
219,986
219,987
219,988
219,989
219,990
220,991
220,992
220,993
220,994
220,995
220,996
220,997
220,998
221,999
221,1000
221,1001
221,1002
221,1003
221,1004
221,1005
221,1006
222,1007
222,1008
222,1009
222,1010
222,1011
222,1012
222,1013
222,1014
222,1015
223,1016
223,1017
223,1018
223,1019
223,1020
223,1021
223,1022
223,1023
223,1024
223,1025
223,1026
224,1027
224,1028
224,1029
224,1030
224,1031
225,944
225,945
225,946
225,947
225,948
225,949
225,950
225,951
225,952
225,953
225,954
225,955
225,956
225,957
225,958
225,959
225,960
225,961
225,962
225,963
225,964
225,965
225,966
225,967
225,968
225,969
225,970
225,971
225,972
225,973
225,974
225,975
225,976
225,977
225,978
225,979
225,980
225,981
225,982
225,983
225,984
225,985
225,986
225,987
225,988
225,989
225,990
225,991
225,992
225,993
225,994
225,995
225,996
225,997
225,998
225,999
225,1000
225,1001
225,1002
225,1003
225,1004
225,1005
225,1006
225,1007
225,1008
225,1009
225,1010
225,1011
225,1012
225,1013
225,1014
225,1015
225,1016
225,1017
225,1018
225,1019
225,1020
225,1021
225,1022
225,1023
225,1024
225,1025
225,1026
225,1027
225,1028
225,1029
225,1030
225,1031
226,1033
227,1034
227,1035
227,1036
227,1037
227,1038
227,1039
227,1040
227,1041
227,1042
228,1043
228,1044
228,1045
228,1046
229,1047
229,1048
229,1049
229,1050
229,1051
229,1052
229,1053
230,1054
230,1055
230,1056
230,1057
230,1058
230,1059
230,1060
230,1061
230,1062
230,1063
231,1064
231,1065
231,1066
231,1067
231,1068
231,1069
231,1070
231,1071
231,1072
231,1073
232,1074
232,1075
232,1076
232,1077
232,1078
232,1079
232,1080
233,1081
233,1082
233,1083
233,1084
233,1085
233,1086
233,1087
233,1088
233,1089
234,1090
235,1032
235,1033
235,1034
235,1035
235,1036
235,1037
235,1038
235,1039
235,1040
235,1041
235,1042
235,1043
235,1044
235,1045
235,1046
235,1047
235,1048
235,1049
235,1050
235,1051
235,1052
235,1053
235,1054
235,1055
235,1056
235,1057
235,1058
235,1059
235,1060
235,1061
235,1062
235,1063
235,1064
235,1065
235,1066
235,1067
235,1068
235,1069
235,1070
235,1071
235,1072
235,1073
235,1074
235,1075
235,1076
235,1077
235,1078
235,1079
235,1080
235,1081
235,1082
235,1083
235,1084
235,1085
235,1086
235,1087
235,1088
235,1089
235,1090
236,1092
236,1093
236,1094
237,1095
237,1096
237,1097
237,1098
237,1099
237,1100
237,1101
237,1102
238,1103
238,1104
238,1105
239,1106
239,1107
239,1108
239,1109
239,1110
239,1111
239,1112
240,1113
240,1114
240,1115
240,1116
240,1117
241,1118
241,1119
241,1120
241,1121
242,1122
242,1123
242,1124
242,1125
242,1126
243,1127
243,1128
243,1129
243,1130
243,1131
243,1132
243,1133
244,1134
244,1135
244,1136
244,1137
244,1138
244,1139
244,1140
244,1141
244,1142
244,1143
244,1144
244,1145
244,1146
244,1147
245,1148
246,1149
246,1150
246,1151
246,1152
246,1153
246,1154
247,1091
247,1092
247,1093
247,1094
247,1095
247,1096
247,1097
247,1098
247,1099
247,1100
247,1101
247,1102
247,1103
247,1104
247,1105
247,1106
247,1107
247,1108
247,1109
247,1110
247,1111
247,1112
247,1113
247,1114
247,1115
247,1116
247,1117
247,1118
247,1119
247,1120
247,1121
247,1122
247,1123
247,1124
247,1125
247,1126
247,1127
247,1128
247,1129
247,1130
247,1131
247,1132
247,1133
247,1134
247,1135
247,1136
247,1137
247,1138
247,1139
247,1140
247,1141
247,1142
247,1143
247,1144
247,1145
247,1146
247,1147
247,1148
247,1149
247,1150
247,1151
247,1152
247,1153
247,1154
248,1156
249,1157
249,1158
249,1159
249,1160
249,1161
249,1162
249,1163
250,1164
250,1165
250,1166
250,1167
251,1168
251,1169
251,1170
252,1171
252,1172
252,1173
252,1174
252,1175
253,1176
253,1177
253,1178
254,1155
254,1156
254,1157
254,1158
254,1159
254,1160
254,1161
254,1162
254,1163
254,1164
254,1165
254,1166
254,1167
254,1168
254,1169
254,1170
254,1171
254,1172
254,1173
254,1174
254,1175
254,1176
254,1177
254,1178
255,1180
256,1181
256,1182
256,1183
256,1184
257,1185
258,1186
259,1187
260,1188
260,1189
261,1190
262,1191
262,1192
263,1193
263,1194
263,1195
263,1196
263,1197
263,1198
263,1199
263,1200
263,1201
263,1202
264,1179
264,1180
264,1181
264,1182
264,1183
264,1184
264,1185
264,1186
264,1187
264,1188
264,1189
264,1190
264,1191
264,1192
264,1193
264,1194
264,1195
264,1196
264,1197
264,1198
264,1199
264,1200
264,1201
264,1202
265,1204
266,1205
266,1206
266,1207
266,1208
266,1209
267,1210
267,1211
267,1212
267,1213
267,1214
267,1215
267,1216
267,1217
267,1218
267,1219
267,1220
268,1221
269,1222
270,1223
270,1224
270,1225
270,1226
270,1227
271,1203
271,1204
271,1205
271,1206
271,1207
271,1208
271,1209
271,1210
271,1211
271,1212
271,1213
271,1214
271,1215
271,1216
271,1217
271,1218
271,1219
271,1220
271,1221
271,1222
271,1223
271,1224
271,1225
271,1226
271,1227
272,927
272,928
272,929
272,930
272,931
272,932
272,933
272,934
272,935
272,936
272,937
272,938
272,939
272,940
272,941
272,942
272,943
272,944
272,945
272,946
272,947
272,948
272,949
272,950
272,951
272,952
272,953
272,954
272,955
272,956
272,957
272,958
272,959
272,960
272,961
272,962
272,963
272,964
272,965
272,966
272,967
272,968
272,969
272,970
272,971
272,972
272,973
272,974
272,975
272,976
272,977
272,978
272,979
272,980
272,981
272,982
272,983
272,984
272,985
272,986
272,987
272,988
272,989
272,990
272,991
272,992
272,993
272,994
272,995
272,996
272,997
272,998
272,999
272,1000
272,1001
272,1002
272,1003
272,1004
272,1005
272,1006
272,1007
272,1008
272,1009
272,1010
272,1011
272,1012
272,1013
272,1014
272,1015
272,1016
272,1017
272,1018
272,1019
272,1020
272,1021
272,1022
272,1023
272,1024
272,1025
272,1026
272,1027
272,1028
272,1029
272,1030
272,1031
272,1032
272,1033
272,1034
272,1035
272,1036
272,1037
272,1038
272,1039
272,1040
272,1041
272,1042
272,1043
272,1044
272,1045
272,1046
272,1047
272,1048
272,1049
272,1050
272,1051
272,1052
272,1053
272,1054
272,1055
272,1056
272,1057
272,1058
272,1059
272,1060
272,1061
272,1062
272,1063
272,1064
272,1065
272,1066
272,1067
272,1068
272,1069
272,1070
272,1071
272,1072
272,1073
272,1074
272,1075
272,1076
272,1077
272,1078
272,1079
272,1080
272,1081
272,1082
272,1083
272,1084
272,1085
272,1086
272,1087
272,1088
272,1089
272,1090
272,1091
272,1092
272,1093
272,1094
272,1095
272,1096
272,1097
272,1098
272,1099
272,1100
272,1101
272,1102
272,1103
272,1104
272,1105
272,1106
272,1107
272,1108
272,1109
272,1110
272,1111
272,1112
272,1113
272,1114
272,1115
272,1116
272,1117
272,1118
272,1119
272,1120
272,1121
272,1122
272,1123
272,1124
272,1125
272,1126
272,1127
272,1128
272,1129
272,1130
272,1131
272,1132
272,1133
272,1134
272,1135
272,1136
272,1137
272,1138
272,1139
272,1140
272,1141
272,1142
272,1143
272,1144
272,1145
272,1146
272,1147
272,1148
272,1149
272,1150
272,1151
272,1152
272,1153
272,1154
272,1155
272,1156
272,1157
272,1158
272,1159
272,1160
272,1161
272,1162
272,1163
272,1164
272,1165
272,1166
272,1167
272,1168
272,1169
272,1170
272,1171
272,1172
272,1173
272,1174
272,1175
272,1176
272,1177
272,1178
272,1179
272,1180
272,1181
272,1182
272,1183
272,1184
272,1185
272,1186
272,1187
272,1188
272,1189
272,1190
272,1191
272,1192
272,1193
272,1194
272,1195
272,1196
272,1197
272,1198
272,1199
272,1200
272,1201
272,1202
272,1203
272,1204
272,1205
272,1206
272,1207
272,1208
272,1209
272,1210
272,1211
272,1212
272,1213
272,1214
272,1215
272,1216
272,1217
272,1218
272,1219
272,1220
272,1221
272,1222
272,1223
272,1224
272,1225
272,1226
272,1227
273,1228
274,1229
274,1230
274,1231
274,1232
274,1233
274,1234
274,1235
274,1236
274,1237
275,1238
275,1239
275,1240
275,1241
275,1242
275,1243
275,1244
275,1245
275,1246
275,1247
276,1248
276,1249
276,1250
276,1251
277,1252
277,1253
277,1254
277,1255
278,1256
278,1257
278,1258
278,1259
278,1260
278,1261
278,1262
278,1263
278,1264
279,1265
279,1266
279,1267
280,1268
280,1269
280,1270
280,1271
280,1272
280,1273
280,1274
280,1275
281,1228
281,1229
281,1230
281,1231
281,1232
281,1233
281,1234
281,1235
281,1236
281,1237
281,1238
281,1239
281,1240
281,1241
281,1242
281,1243
281,1244
281,1245
281,1246
281,1247
281,1248
281,1249
281,1250
281,1251
281,1252
281,1253
281,1254
281,1255
281,1256
281,1257
281,1258
281,1259
281,1260
281,1261
281,1262
281,1263
281,1264
281,1265
281,1266
281,1267
281,1268
281,1269
281,1270
281,1271
281,1272
281,1273
281,1274
281,1275
282,1276
283,1277
283,1278
283,1279
283,1280
283,1281
284,1282
284,1283
284,1284
284,1285
284,1286
284,1287
285,1289
286,1290
286,1291
286,1292
286,1293
286,1294
287,1295
287,1296
287,1297
287,1298
287,1299
287,1300
287,1301
288,1288
288,1289
288,1290
288,1291
288,1292
288,1293
288,1294
288,1295
288,1296
288,1297
288,1298
288,1299
288,1300
288,1301
289,1303
290,1304
290,1305
290,1306
290,1307
290,1308
290,1309
290,1310
290,1311
290,1312
290,1313
291,1314
291,1315
291,1316
291,1317
291,1318
292,1319
292,1320
292,1321
292,1322
292,1323
293,1324
293,1325
293,1326
293,1327
293,1328
293,1329
293,1330
294,1302
294,1303
294,1304
294,1305
294,1306
294,1307
294,1308
294,1309
294,1310
294,1311
294,1312
294,1313
294,1314
294,1315
294,1316
294,1317
294,1318
294,1319
294,1320
294,1321
294,1322
294,1323
294,1324
294,1325
294,1326
294,1327
294,1328
294,1329
294,1330
295,1332
296,1333
296,1334
296,1335
296,1336
296,1337
296,1338
297,1339
297,1340
297,1341
297,1342
298,1331
298,1332
298,1333
298,1334
298,1335
298,1336
298,1337
298,1338
298,1339
298,1340
298,1341
298,1342
299,1344
299,1345
300,1346
300,1347
300,1348
300,1349
300,1350
300,1351
300,1352
300,1353
301,1354
301,1355
301,1356
301,1357
301,1358
301,1359
302,1360
302,1361
302,1362
302,1363
302,1364
303,1365
303,1366
303,1367
303,1368
304,1369
304,1370
304,1371
304,1372
304,1373
304,1374
305,1343
305,1344
305,1345
305,1346
305,1347
305,1348
305,1349
305,1350
305,1351
305,1352
305,1353
305,1354
305,1355
305,1356
305,1357
305,1358
305,1359
305,1360
305,1361
305,1362
305,1363
305,1364
305,1365
305,1366
305,1367
305,1368
305,1369
305,1370
305,1371
305,1372
305,1373
305,1374
306,1376
307,1377
308,1378
309,1379
310,1380
310,1381
310,1382
310,1383
311,1375
311,1376
311,1377
311,1378
311,1379
311,1380
311,1381
311,1382
311,1383
312,1386
312,1387
313,1388
313,1389
313,1390
313,1391
313,1392
313,1393
313,1394
314,1395
315,1396
316,1384
316,1385
316,1386
316,1387
316,1388
316,1389
316,1390
316,1391
316,1392
316,1393
316,1394
316,1395
316,1396
317,1276
317,1277
317,1278
317,1279
317,1280
317,1281
317,1282
317,1283
317,1284
317,1285
317,1286
317,1287
317,1288
317,1289
317,1290
317,1291
317,1292
317,1293
317,1294
317,1295
317,1296
317,1297
317,1298
317,1299
317,1300
317,1301
317,1302
317,1303
317,1304
317,1305
317,1306
317,1307
317,1308
317,1309
317,1310
317,1311
317,1312
317,1313
317,1314
317,1315
317,1316
317,1317
317,1318
317,1319
317,1320
317,1321
317,1322
317,1323
317,1324
317,1325
317,1326
317,1327
317,1328
317,1329
317,1330
317,1331
317,1332
317,1333
317,1334
317,1335
317,1336
317,1337
317,1338
317,1339
317,1340
317,1341
317,1342
317,1343
317,1344
317,1345
317,1346
317,1347
317,1348
317,1349
317,1350
317,1351
317,1352
317,1353
317,1354
317,1355
317,1356
317,1357
317,1358
317,1359
317,1360
317,1361
317,1362
317,1363
317,1364
317,1365
317,1366
317,1367
317,1368
317,1369
317,1370
317,1371
317,1372
317,1373
317,1374
317,1375
317,1376
317,1377
317,1378
317,1379
317,1380
317,1381
317,1382
317,1383
317,1384
317,1385
317,1386
317,1387
317,1388
317,1389
317,1390
317,1391
317,1392
317,1393
317,1394
317,1395
317,1396
318,7
318,8
318,9
318,10
318,11
318,12
318,13
318,14
318,15
318,16
318,17
318,18
318,19
318,20
318,21
318,22
318,23
318,24
318,25
318,26
318,27
318,28
318,29
318,30
318,31
318,32
318,33
318,395
318,396
318,397
318,398
318,399
318,400
318,401
318,402
318,403
318,404
318,405
318,406
318,407
318,408
318,409
319,17
319,18
319,19
319,20
319,21
319,172
319,173
319,174
319,175
320,22
320,23
320,24
320,25
320,26
320,27
320,300
320,301
320,302
320,303
320,304
320,305
320,306
320,307
320,308
320,309
320,310
320,311
320,312
320,313
320,322
320,323
320,324
320,325
320,326
320,327
320,328
320,329
320,330
320,331
320,395
320,396
320,397
320,398
320,399
320,400
320,401
320,402
320,403
320,404
320,405
320,406
320,407
320,408
320,409
320,427
320,428
320,429
320,430
320,431
320,432
320,433
320,434
320,435
320,436
320,437
320,438
320,439
321,36
321,37
321,38
321,39
321,184
321,185
321,186
321,187
321,188
321,189
321,190
321,191
321,192
321,193
321,194
321,195
321,196
321,197
321,198
322,40
322,41
322,42
322,43
322,172
322,173
322,174
322,175
323,44
323,45
323,46
323,47
323,48
323,172
323,173
323,174
323,175
324,54
324,55
324,56
324,57
324,151
324,152
324,153
324,154
324,155
324,156
324,157
324,158
324,159
325,58
325,59
325,60
325,61
325,62
325,63
325,64
325,65
325,66
325,450
325,451
325,452
325,453
325,454
325,455
325,456
325,457
325,458
325,459
326,67
326,68
326,69
326,70
326,172
326,173
326,174
326,175
326,260
326,261
326,262
326,263
326,264
326,265
326,266
327,71
327,72
327,73
327,74
327,75
327,172
327,173
327,174
327,175
328,94
328,95
328,96
328,97
328,98
328,172
328,173
328,174
328,175
329,99
329,100
329,101
329,102
329,103
329,104
329,105
329,172
329,173
329,174
329,175
330,120
330,121
330,122
330,123
330,124
330,125
330,172
330,173
330,174
330,175
331,136
331,137
331,138
331,139
331,140
331,141
331,172
331,173
331,174
331,175
332,166
332,167
332,168
332,169
332,170
332,171
332,172
332,173
332,174
332,175
333,172
333,173
333,174
333,175
333,260
333,261
333,262
333,263
333,264
333,265
333,266
334,251
334,252
334,253
334,230
334,231
334,232
334,233
334,234
335,254
335,255
335,256
335,257
335,258
335,259
335,1268
335,1269
335,1270
335,1271
335,1272
335,1273
335,1274
335,1275
336,280
336,281
336,282
336,283
336,284
336,285
336,286
336,287
336,288
336,289
336,290
336,504
336,505
336,506
336,507
336,508
336,509
336,510
336,511
336,512
336,513
336,514
336,515
336,516
336,517
336,518
336,519
336,520
336,521
336,522
336,523
336,524
336,525
336,526
336,527
336,528
336,529
336,530
336,531
336,532
336,533
336,534
337,283
337,956
337,957
337,958
337,959
337,960
337,961
338,291
338,292
338,293
338,294
338,295
338,296
338,297
338,298
338,299
338,300
338,301
338,302
338,303
338,304
338,305
338,306
338,307
338,308
338,309
338,310
338,311
338,312
338,313
338,314
338,315
338,316
338,317
338,318
338,319
338,320
338,321
338,322
338,323
338,324
338,325
338,326
338,327
338,328
338,329
338,330
338,331
338,332
338,333
338,334
338,335
338,336
338,337
338,338
338,339
338,340
338,341
338,342
338,343
338,344
338,345
338,346
338,347
338,348
338,349
338,350
338,351
338,352
338,353
338,354
338,355
338,356
338,357
338,358
338,359
338,360
338,361
338,362
338,363
338,364
338,365
338,366
338,367
338,368
338,369
338,370
338,371
338,372
338,373
338,374
338,375
338,376
338,377
338,378
338,379
338,380
338,381
338,382
338,383
338,384
338,385
338,386
338,387
338,388
338,1360
338,1361
338,1362
338,1363
338,1364
339,292
339,293
339,294
339,1333
339,1334
339,1335
339,1336
339,1337
339,1338
340,295
340,296
340,297
340,298
340,299
340,392
340,393
340,394
341,322
341,323
341,324
341,325
341,326
341,327
341,328
341,329
341,330
341,331
341,578
341,579
341,580
341,581
341,582
341,583
341,584
342,356
342,357
342,358
342,359
342,360
342,361
342,491
342,492
342,493
342,494
342,495
342,496
342,497
342,498
343,362
343,363
343,364
343,365
343,366
343,367
343,368
343,369
343,370
343,371
343,1360
343,1361
343,1362
343,1363
343,1364
343,1365
343,1366
343,1367
343,1368
344,372
344,373
344,374
344,300
344,301
344,302
344,303
344,304
344,305
344,306
344,307
344,308
344,309
344,310
344,311
344,312
344,313
345,392
345,393
345,394
345,295
345,296
345,297
345,298
345,299
345,578
345,579
345,580
345,581
345,582
345,583
345,584
345,585
345,586
345,587
345,588
345,589
345,590
345,591
345,612
345,613
345,614
345,615
345,616
345,617
345,618
345,619
345,620
345,621
345,622
345,623
346,410
346,411
346,412
346,413
346,414
346,415
346,416
346,417
346,418
346,419
346,420
346,421
346,422
346,423
346,424
346,425
346,426
346,513
346,514
346,515
346,516
346,517
346,518
346,519
347,440
347,441
347,442
347,443
347,444
347,445
347,446
347,447
347,448
347,449
347,450
347,451
347,452
347,453
347,454
347,455
347,456
347,457
347,458
347,459
347,460
347,461
347,462
347,463
347,464
347,465
347,466
347,467
347,468
347,469
347,470
347,471
347,472
347,473
347,474
347,475
347,476
347,477
347,478
347,479
347,480
347,481
347,482
347,483
347,484
347,485
347,486
347,487
347,488
347,489
347,490
347,491
347,492
347,493
347,494
347,495
347,496
347,497
347,498
347,499
347,500
347,501
347,502
347,503
347,176
347,177
347,178
347,179
347,180
347,181
347,182
347,183
347,184
347,185
347,186
347,187
347,188
347,189
347,190
347,191
347,192
347,193
347,194
347,195
347,196
347,197
347,198
347,199
347,200
347,201
347,202
347,203
347,204
347,205
347,206
347,207
347,208
347,209
347,210
347,211
347,212
347,213
347,214
347,215
347,216
347,217
347,218
347,219
347,220
347,221
347,222
347,223
347,224
347,225
347,226
347,227
347,228
347,229
347,230
347,231
347,232
347,233
347,234
347,235
347,236
347,237
347,238
347,239
347,240
347,241
347,242
347,243
347,244
347,245
347,246
347,247
347,248
347,249
347,250
347,251
347,252
347,253
347,254
347,255
347,256
347,257
347,258
347,259
347,260
347,261
347,262
347,263
347,264
347,265
347,266
347,267
347,268
347,269
347,270
347,271
347,272
347,273
347,274
347,275
347,276
347,277
347,278
348,460
348,461
348,462
348,463
348,464
348,465
348,530
348,531
348,532
348,533
348,534
349,466
349,467
349,468
349,469
349,470
349,471
349,213
349,214
349,215
349,216
349,217
349,218
349,219
349,220
349,221
349,222
349,223
349,224
349,225
349,226
349,227
349,228
349,229
349,230
349,231
349,232
349,233
349,234
349,235
349,236
349,237
349,238
349,239
349,240
349,241
349,242
349,243
349,244
349,245
349,246
349,247
349,248
349,249
349,250
349,251
349,252
349,253
350,477
350,478
350,479
350,480
350,481
350,482
350,483
350,484
350,1369
350,1370
350,1371
350,1372
350,1373
350,1374
351,491
351,492
351,493
351,494
351,495
351,496
351,497
351,498
351,260
351,261
351,262
351,263
351,264
351,265
351,266
351,356
351,357
351,358
351,359
351,360
351,361
351,1179
351,1180
351,1181
351,1182
351,1183
351,1184
351,1185
351,1186
351,1187
351,1188
351,1189
351,1190
351,1191
351,1192
351,1193
351,1194
351,1195
351,1196
351,1197
351,1198
351,1199
351,1200
351,1201
351,1202
352,525
352,526
352,527
352,528
352,529
352,771
352,772
352,773
352,774
353,530
353,531
353,532
353,533
353,534
353,460
353,461
353,462
353,463
353,464
353,465
353,567
353,568
353,569
353,570
353,571
353,572
353,573
353,574
353,779
353,780
353,781
353,782
353,783
353,784
353,785
353,786
353,787
353,788
353,789
353,790
353,791
353,792
353,793
353,794
353,795
353,796
353,797
353,798
353,799
353,800
353,801
353,802
353,803
353,804
353,805
353,806
353,807
353,808
353,809
353,810
353,811
353,812
353,813
353,814
353,815
353,816
353,817
353,818
353,819
353,820
353,821
354,538
354,539
354,540
354,541
354,542
354,543
354,544
354,600
354,601
354,602
354,603
354,604
354,605
354,606
354,607
354,608
354,609
354,610
354,611
355,553
355,554
355,555
355,556
355,557
355,558
355,559
355,560
355,561
355,562
355,563
355,564
355,565
355,566
355,567
355,568
355,569
355,570
355,571
355,572
355,573
355,574
355,575
356,559
356,560
356,561
356,562
356,563
356,564
356,565
356,566
356,567
356,568
356,569
356,570
356,571
356,572
356,573
356,574
356,575
356,126
356,127
356,128
356,129
356,130
356,131
356,132
356,133
356,134
356,135
356,136
356,137
356,138
356,139
356,140
356,141
356,142
356,143
356,144
356,145
356,146
356,147
356,148
356,149
356,150
356,151
356,152
356,153
356,154
356,155
356,156
356,157
356,158
356,159
356,160
356,161
356,162
356,163
356,164
356,165
356,166
356,167
356,168
356,169
356,170
356,171
356,553
356,554
356,555
356,556
356,557
356,558
357,561
357,562
357,563
357,564
357,565
357,566
357,625
357,626
357,627
357,628
357,629
357,630
357,631
357,632
357,633
357,634
357,635
357,636
357,637
357,638
357,639
357,640
357,641
357,642
357,643
357,644
357,645
357,646
357,647
357,648
357,649
357,650
357,651
357,652
357,653
357,654
357,655
357,656
357,657
357,658
357,659
357,660
357,661
357,662
357,663
357,664
357,665
357,666
357,667
357,668
357,669
357,670
357,671
357,672
357,673
357,674
357,675
357,676
357,677
357,678
357,679
357,680
357,681
357,682
357,683
357,684
357,685
357,686
357,687
357,688
357,689
357,690
357,691
357,692
357,693
357,694
357,695
357,696
357,697
357,698
357,699
357,700
357,701
357,702
357,703
357,704
357,705
357,706
357,707
357,708
357,709
357,710
357,711
357,712
357,713
357,714
357,715
357,716
357,717
357,718
357,719
357,720
357,721
357,722
357,758
357,759
357,760
357,761
357,762
357,763
357,764
357,765
357,766
357,767
357,928
357,929
357,930
357,931
357,932
357,933
357,934
357,935
357,936
357,937
357,938
357,939
357,940
357,941
357,942
357,943
358,567
358,568
358,569
358,570
358,571
358,572
358,573
358,574
358,513
358,514
358,515
358,516
358,517
358,518
358,519
358,520
358,521
358,522
358,523
358,524
358,525
358,526
358,527
358,528
358,529
358,530
358,531
358,532
358,533
358,534
358,723
358,724
358,725
358,726
358,727
358,728
358,729
358,730
358,731
358,732
358,733
358,734
358,735
358,736
358,737
358,738
358,779
358,780
358,781
358,782
358,783
358,784
358,785
358,786
358,787
358,788
358,789
358,790
358,791
358,792
358,793
358,794
358,795
358,796
358,797
358,798
358,799
358,800
358,801
358,802
358,803
358,804
358,805
358,806
358,807
358,808
358,809
358,810
358,811
358,812
358,813
358,814
358,815
358,816
358,817
358,818
358,819
358,820
358,821
358,822
358,823
358,824
358,825
358,826
358,827
358,828
358,829
358,830
358,831
358,832
358,833
358,834
358,835
358,836
358,837
358,838
358,839
358,840
358,841
358,842
358,843
358,844
358,845
358,846
358,847
358,848
358,849
358,850
358,851
358,852
358,853
358,854
358,855
358,856
358,857
358,858
358,859
359,575
359,553
359,554
359,555
359,556
359,557
359,558
360,578
360,579
360,580
360,581
360,582
360,583
360,584
360,295
360,296
360,297
360,298
360,299
360,322
360,323
360,324
360,325
360,326
360,327
360,328
360,329
360,330
360,331
360,392
360,393
360,394
360,505
360,506
360,507
360,508
360,509
360,510
360,511
360,512
361,585
361,586
361,587
361,588
361,589
361,590
361,591
361,392
361,393
361,394
362,592
362,593
362,594
362,595
362,596
362,597
362,395
362,396
362,397
362,398
362,399
362,400
362,401
362,402
362,403
362,404
362,405
362,406
362,407
362,408
362,409
362,410
362,411
362,412
362,413
362,414
362,415
362,416
362,417
362,418
362,419
362,420
362,421
362,422
362,423
362,424
362,425
362,426
363,600
363,601
363,602
363,603
363,604
363,605
363,606
363,607
363,608
363,609
363,610
363,611
363,538
363,539
363,540
363,541
363,542
363,543
363,544
363,956
363,957
363,958
363,959
363,960
363,961
363,962
363,963
363,964
363,965
363,966
363,967
363,968
363,969
363,970
363,971
363,972
363,973
363,974
363,975
363,976
363,977
363,978
363,979
363,980
364,612
364,613
364,614
364,615
364,616
364,617
364,392
364,393
364,394
365,618
365,619
365,620
365,621
365,622
365,623
365,392
365,393
365,394
366,635
366,636
366,637
366,638
366,639
366,640
366,1064
366,1065
366,1066
366,1067
366,1068
366,1069
366,1070
366,1071
366,1072
366,1073
366,1081
366,1082
366,1083
366,1084
366,1085
366,1086
366,1087
366,1088
366,1089
367,664
367,665
367,666
367,667
367,668
367,669
367,670
367,671
367,672
367,561
367,562
367,563
367,564
367,565
367,566
368,725
368,726
368,727
368,728
368,729
368,730
368,567
368,568
368,569
368,570
368,571
368,572
368,573
368,574
369,731
369,732
369,733
369,734
369,735
369,736
369,737
369,567
369,568
369,569
369,570
369,571
369,572
369,573
369,574
370,771
370,772
370,773
370,774
370,525
370,526
370,527
370,528
370,529
371,779
371,780
371,781
371,782
371,783
371,784
371,785
371,786
371,787
371,788
371,789
371,790
371,791
371,792
371,793
371,794
371,795
371,796
371,797
371,798
371,799
371,800
371,801
371,802
371,803
371,804
371,805
371,806
371,807
371,808
371,809
371,810
371,811
371,812
371,813
371,814
371,815
371,816
371,817
371,818
371,819
371,820
371,821
371,530
371,531
371,532
371,533
371,534
372,790
372,791
372,792
372,793
372,794
372,795
372,395
372,396
372,397
372,398
372,399
372,400
372,401
372,402
372,403
372,404
372,405
372,406
372,407
372,408
372,409
373,862
373,863
373,864
373,865
373,866
373,867
373,868
373,869
373,1203
373,1204
373,1205
373,1206
373,1207
373,1208
373,1209
373,1210
373,1211
373,1212
373,1213
373,1214
373,1215
373,1216
373,1217
373,1218
373,1219
373,1220
373,1221
373,1222
373,1223
373,1224
373,1225
373,1226
373,1227
374,879
374,880
374,881
374,882
374,883
374,884
374,885
374,886
374,887
374,888
374,889
374,890
374,891
374,892
374,893
374,894
374,895
374,896
374,897
374,898
374,899
374,900
374,901
374,902
374,903
374,904
374,905
374,906
374,907
374,908
374,909
374,910
374,911
374,912
374,913
374,914
374,915
374,916
374,917
374,918
374,919
374,920
374,921
374,922
374,923
374,924
374,925
374,926
374,1203
374,1204
374,1205
374,1206
374,1207
374,1208
374,1209
374,1210
374,1211
374,1212
374,1213
374,1214
374,1215
374,1216
374,1217
374,1218
374,1219
374,1220
374,1221
374,1222
374,1223
374,1224
374,1225
374,1226
374,1227
375,888
375,889
375,890
375,891
375,892
375,893
375,894
375,895
375,896
375,897
375,898
375,899
375,900
375,901
375,902
375,903
375,904
375,905
375,906
375,907
375,300
375,301
375,302
375,303
375,304
375,305
375,306
375,307
375,308
375,309
375,310
375,311
375,312
375,313
375,775
375,776
375,777
375,778
375,1074
375,1075
375,1076
375,1077
375,1078
375,1079
375,1080
376,917
376,918
376,919
376,920
376,921
376,1203
376,1204
376,1205
376,1206
376,1207
376,1208
376,1209
376,1210
376,1211
376,1212
376,1213
376,1214
376,1215
376,1216
376,1217
376,1218
376,1219
376,1220
376,1221
376,1222
376,1223
376,1224
376,1225
376,1226
376,1227
376,1268
376,1269
376,1270
376,1271
376,1272
376,1273
376,1274
376,1275
377,922
377,923
377,924
377,925
377,926
377,1256
377,1257
377,1258
377,1259
377,1260
377,1261
377,1262
377,1263
377,1264
378,930
378,931
378,932
378,505
378,506
378,507
378,508
378,509
378,510
378,511
378,512
378,513
378,514
378,515
378,516
378,517
378,518
378,519
379,933
379,934
379,935
379,936
379,561
379,562
379,563
379,564
379,565
379,566
379,567
379,568
379,569
379,570
379,571
379,572
379,573
379,574
380,937
380,938
380,939
380,940
380,941
380,942
380,395
380,396
380,397
380,398
380,399
380,400
380,401
380,402
380,403
380,404
380,405
380,406
380,407
380,408
380,409
380,410
380,411
380,412
380,413
380,414
380,415
380,416
380,417
380,418
380,419
380,420
380,421
380,422
380,423
380,424
380,425
380,426
380,567
380,568
380,569
380,570
380,571
380,572
380,573
380,574
381,948
381,949
381,950
381,951
381,952
381,953
381,954
381,955
381,860
381,861
381,862
381,863
381,864
381,865
381,866
381,867
381,868
381,869
381,870
381,871
381,872
381,873
381,874
381,875
381,876
381,877
381,878
381,1228
381,1229
381,1230
381,1231
381,1232
381,1233
381,1234
381,1235
381,1236
381,1237
381,1238
381,1239
381,1240
381,1241
381,1242
381,1243
381,1244
381,1245
381,1246
381,1247
381,1248
381,1249
381,1250
381,1251
381,1252
381,1253
381,1254
381,1255
381,1256
381,1257
381,1258
381,1259
381,1260
381,1261
381,1262
381,1263
381,1264
381,1265
381,1266
381,1267
381,1268
381,1269
381,1270
381,1271
381,1272
381,1273
381,1274
381,1275
382,956
382,957
382,958
382,959
382,960
382,961
382,283
382,578
382,579
382,580
382,581
382,582
382,583
382,584
382,600
382,601
382,602
382,603
382,604
382,605
382,606
382,607
382,608
382,609
382,610
382,611
383,962
383,963
383,964
383,965
383,966
383,967
383,968
383,969
383,970
383,971
383,600
383,601
383,602
383,603
383,604
383,605
383,606
383,607
383,608
383,609
383,610
383,611
384,972
384,973
384,974
384,975
384,976
384,977
384,978
384,979
384,980
384,600
384,601
384,602
384,603
384,604
384,605
384,606
384,607
384,608
384,609
384,610
384,611
385,981
385,982
385,395
385,396
385,397
385,398
385,399
385,400
385,401
385,402
385,403
385,404
385,405
385,406
385,407
385,408
385,409
386,983
386,984
386,985
386,986
386,987
386,988
386,989
386,990
386,1295
386,1296
386,1297
386,1298
386,1299
386,1300
386,1301
387,999
387,1000
387,1001
387,1002
387,1003
387,1004
387,1005
387,1006
387,567
387,568
387,569
387,570
387,571
387,572
387,573
387,574
388,1016
388,1017
388,1018
388,1019
388,1020
388,1021
388,1022
388,1023
388,1024
388,1025
388,1026
388,1134
388,1135
388,1136
388,1137
388,1138
388,1139
388,1140
388,1141
388,1142
388,1143
388,1144
388,1145
388,1146
388,1147
388,1155
388,1156
388,1157
388,1158
388,1159
388,1160
388,1161
388,1162
388,1163
388,1164
388,1165
388,1166
388,1167
388,1168
388,1169
388,1170
388,1171
388,1172
388,1173
388,1174
388,1175
388,1176
388,1177
388,1178
389,1034
389,1035
389,1036
389,1037
389,1038
389,1039
389,1040
389,1041
389,1042
389,82
389,83
389,84
389,85
389,86
390,1043
390,1044
390,1045
390,1046
390,218
390,219
390,220
390,221
390,222
390,223
390,224
390,225
390,226
390,227
390,228
390,229
390,239
390,240
390,241
390,242
390,243
390,254
390,255
390,256
390,257
390,258
390,259
391,1103
391,1104
391,1105
391,525
391,526
391,527
391,528
391,529
392,1176
392,1177
392,1178
392,254
392,255
392,256
392,257
392,258
392,259
393,1179
393,1180
393,1181
393,1182
393,1183
393,1184
393,1185
393,1186
393,1187
393,1188
393,1189
393,1190
393,1191
393,1192
393,1193
393,1194
393,1195
393,1196
393,1197
393,1198
393,1199
393,1200
393,1201
393,1202
393,739
393,740
393,741
393,742
393,743
393,744
393,745
393,746
393,747
393,748
393,749
393,750
393,751
393,752
393,753
393,754
393,755
393,756
393,757
394,1203
394,1204
394,1205
394,1206
394,1207
394,1208
394,1209
394,1210
394,1211
394,1212
394,1213
394,1214
394,1215
394,1216
394,1217
394,1218
394,1219
394,1220
394,1221
394,1222
394,1223
394,1224
394,1225
394,1226
394,1227
394,860
394,861
394,862
394,863
394,864
394,865
394,866
394,867
394,868
394,869
394,870
394,871
394,872
394,873
394,874
394,875
394,876
394,877
394,878
394,879
394,880
394,881
394,882
394,883
394,884
394,885
394,886
394,887
394,888
394,889
394,890
394,891
394,892
394,893
394,894
394,895
394,896
394,897
394,898
394,899
394,900
394,901
394,902
394,903
394,904
394,905
394,906
394,907
394,908
394,909
394,910
394,911
394,912
394,913
394,914
394,915
394,916
394,917
394,918
394,919
394,920
394,921
394,922
394,923
394,924
394,925
394,926
395,1222
395,917
395,918
395,919
395,920
395,921
395,1268
395,1269
395,1270
395,1271
395,1272
395,1273
395,1274
395,1275
396,1223
396,1224
396,1225
396,1226
396,1227
396,1095
396,1096
396,1097
396,1098
396,1099
396,1100
396,1101
396,1102
397,1268
397,1269
397,1270
397,1271
397,1272
397,1273
397,1274
397,1275
397,254
397,255
397,256
397,257
397,258
397,259
398,1324
398,1325
398,1326
398,1327
398,1328
398,1329
398,1330
398,1229
398,1230
398,1231
398,1232
398,1233
398,1234
398,1235
398,1236
398,1237
399,1360
399,1361
399,1362
399,1363
399,1364
399,362
399,363
399,364
399,365
399,366
399,367
399,368
399,369
399,370
399,371
400,1369
400,1370
400,1371
400,1372
400,1373
400,1374
400,477
400,478
400,479
400,480
400,481
400,482
400,483
400,484
400,1314
400,1315
400,1316
400,1317
400,1318
401,1380
401,1381
401,1382
401,1383
401,1302
401,1303
401,1304
401,1305
401,1306
401,1307
401,1308
401,1309
401,1310
401,1311
401,1312
401,1313
401,1314
401,1315
401,1316
401,1317
401,1318
401,1319
401,1320
401,1321
401,1322
401,1323
401,1324
401,1325
401,1326
401,1327
401,1328
401,1329
401,1330
