0.25
1.0
1.0
0.14285714285714285
1.0
1.0
0.25
0.25
0.2
0.16666666666666666
0.16666666666666666
0.03571428571428571
1.0
0.25
0.25
0.2
0.3333333333333333
0.05263157894736842
1.0
0.25
0.1111111111111111
0.25
0.2
0.04
1.0
0.25
0.2
0.14285714285714285
0.2
0.14285714285714285
0.03225806451612903
1.0
0.16666666666666666
0.16666666666666666
0.16666666666666666
0.047619047619047616
1.0
0.125
0.16666666666666666
0.14285714285714285
0.041666666666666664
1.0
0.1111111111111111
0.16666666666666666
0.16666666666666666
0.041666666666666664
1.0
1.0
1.0
0.2
0.005555555555555556
0.16666666666666666
1.0
0.16666666666666666
0.1111111111111111
0.09090909090909091
0.3333333333333333
0.029411764705882353
0.25
0.08333333333333333
0.2
0.25
0.2
0.14285714285714285
0.3333333333333333
0.023809523809523808
0.16666666666666666
0.14285714285714285
1.0
0.5
1.0
0.2
1.0
1.0
0.07692307692307693
0.009174311926605505
1.0
1.0
1.0
1.0
0.3333333333333333
1.0
1.0
1.0
1.0
0.08333333333333333
0.3333333333333333
0.2
0.07142857142857142
0.125
0.1
0.09090909090909091
0.2
0.125
0.16666666666666666
0.1
0.3333333333333333
0.16666666666666666
0.25
0.25
0.009900990099009901
0.5
0.3333333333333333
0.06666666666666667
0.058823529411764705
0.07692307692307693
0.019230769230769232
1.0
0.125
0.1
0.16666666666666666
0.16666666666666666
0.2
0.125
0.16666666666666666
0.125
0.2
0.015384615384615385
0.004291845493562232
1.0
0.125
0.14285714285714285
0.2
0.2
0.2
0.03125
1.0
1.0
0.14285714285714285
0.125
0.16666666666666666
0.041666666666666664
1.0
0.16666666666666666
0.125
1.0
0.05555555555555555
1.0
0.14285714285714285
0.14285714285714285
0.16666666666666666
0.043478260869565216
1.0
0.08333333333333333
0.16666666666666666
0.16666666666666666
0.037037037037037035
0.010638297872340425
1.0
0.1111111111111111
0.16666666666666666
0.07692307692307693
0.1
0.1111111111111111
0.14285714285714285
0.07692307692307693
0.09090909090909091
0.07692307692307693
0.2
1.0
0.010101010101010102
1.0
0.16666666666666666
0.14285714285714285
1.0
0.058823529411764705
0.05263157894736842
0.1
0.006756756756756757
1.0
1.0
0.25
0.25
0.09090909090909091
0.5
0.25
0.25
0.16666666666666666
0.09090909090909091
0.3333333333333333
1.0
0.2
0.16666666666666666
0.022727272727272728
1.0
0.16666666666666666
0.3333333333333333
0.125
0.14285714285714285
0.25
0.5
0.16666666666666666
0.02564102564102564
1.0
0.125
0.3333333333333333
0.16666666666666666
0.05
1.0
0.14285714285714285
0.05
0.1111111111111111
0.2
0.2
0.02040816326530612
0.006060606060606061
1.0
1.0
0.3333333333333333
0.25
0.16666666666666666
1.0
0.058823529411764705
0.3333333333333333
0.125
0.16666666666666666
0.1
0.1111111111111111
0.5
0.125
0.125
0.125
0.1111111111111111
0.09090909090909091
0.2
0.011235955056179775
1.0
0.1111111111111111
0.25
0.14285714285714285
0.1
0.1
0.14285714285714285
0.1111111111111111
1.0
0.016666666666666666
0.3333333333333333
0.125
0.3333333333333333
0.14285714285714285
0.2
0.25
0.2
0.14285714285714285
0.07142857142857142
1.0
0.16666666666666666
0.015384615384615385
1.0
0.14285714285714285
0.25
0.3333333333333333
0.2
0.3333333333333333
0.04
1.0
0.25
1.0
1.0
1.0
0.5
1.0
0.5
0.1
0.04
1.0
0.2
0.09090909090909091
1.0
1.0
0.2
0.038461538461538464
0.003236245954692557
1.0
0.1111111111111111
0.1
0.25
0.25
0.1111111111111111
0.3333333333333333
0.125
0.02040816326530612
1.0
0.2
0.16666666666666666
1.0
0.2
0.14285714285714285
0.058823529411764705
1.0
0.1
0.2
0.2
0.14285714285714285
0.03333333333333333
1.0
0.16666666666666666
0.25
0.06666666666666667
0.5
0.125
0.16666666666666666
0.2
0.25
0.16666666666666666
0.02857142857142857
1.0
1.0
1.0
1.0
0.25
0.08333333333333333
0.5
0.14285714285714285
1.0
1.0
0.07142857142857142
0.007352941176470588
0.023255813953488372
0.1
0.017241379310344827
0.05263157894736842
0.1111111111111111
0.1
0.07692307692307693
0.05263157894736842
0.0625
0.1
0.1
0.08333333333333333
0.09090909090909091
0.09090909090909091
0.09090909090909091
0.08333333333333333
0.125
0.07142857142857142
0.022727272727272728
0.14285714285714285
0.009433962264150943
0.1111111111111111
0.125
0.058823529411764705
0.07142857142857142
0.05263157894736842
0.058823529411764705
0.029411764705882353
0.041666666666666664
0.005747126436781609
0.09090909090909091
0.020833333333333332
0.07142857142857142
0.021739130434782608
0.1111111111111111
0.015873015873015872
0.05263157894736842
0.041666666666666664
0.013888888888888888
0.007575757575757576
0.007692307692307693
0.14285714285714285
0.030303030303030304
0.1
0.02631578947368421
0.022727272727272728
0.1111111111111111
0.1111111111111111
0.04
0.06666666666666667
0.07142857142857142
0.06666666666666667
0.1111111111111111
0.02040816326530612
0.047619047619047616
0.029411764705882353
0.013333333333333334
0.022222222222222223
0.02564102564102564
0.07142857142857142
0.05555555555555555
0.05555555555555555
0.021739130434782608
0.012987012987012988
0.038461538461538464
0.045454545454545456
0.047619047619047616
0.058823529411764705
0.06666666666666667
0.0625
0.02
0.07142857142857142
0.037037037037037035
0.125
0.1111111111111111
0.022727272727272728
0.010526315789473684
0.07142857142857142
0.07692307692307693
0.07142857142857142
0.0625
0.06666666666666667
0.05263157894736842
0.029411764705882353
